0.000;0.000;0.000;0.000;0.000;0.000;0.000;-0.000;-0.000;-0.000;0.000;0.000;0.000;0.000;0.000;0.000;-0.000;-0.000;-0.000;0.000;0.000;0.000;0.000;0.000;0.000;0.000;0.000
0.050;0.044;0.027;0.003;-0.021;-0.040;-0.050;-0.046;-0.032;-0.009;0.015;0.036;0.048;0.048;0.036;0.015;-0.009;-0.032;-0.046;-0.050;-0.040;-0.021;0.003;0.027;0.044;0.000;0.050
0.100;0.088;0.054;0.006;-0.043;-0.081;-0.099;-0.093;-0.064;-0.019;0.031;0.073;0.097;0.097;0.073;0.031;-0.019;-0.064;-0.093;-0.099;-0.081;-0.043;0.006;0.054;0.088;0.000;0.100
0.150;0.131;0.080;0.009;-0.064;-0.121;-0.149;-0.139;-0.096;-0.028;0.046;0.109;0.145;0.145;0.109;0.046;-0.028;-0.096;-0.139;-0.149;-0.121;-0.064;0.009;0.080;0.131;0.000;0.150
0.200;0.175;0.107;0.013;-0.085;-0.162;-0.198;-0.186;-0.128;-0.038;0.062;0.146;0.194;0.194;0.146;0.062;-0.037;-0.127;-0.186;-0.198;-0.162;-0.085;0.012;0.107;0.175;0.000;0.200
0.250;0.219;0.134;0.016;-0.106;-0.202;-0.248;-0.232;-0.159;-0.047;0.077;0.182;0.242;0.242;0.182;0.077;-0.047;-0.159;-0.232;-0.248;-0.202;-0.107;0.016;0.134;0.219;0.000;0.250
0.300;0.263;0.161;0.019;-0.128;-0.243;-0.298;-0.279;-0.191;-0.056;0.093;0.219;0.291;0.291;0.219;0.093;-0.056;-0.191;-0.279;-0.298;-0.243;-0.128;0.019;0.161;0.263;0.000;0.300
0.350;0.307;0.188;0.022;-0.149;-0.283;-0.347;-0.325;-0.223;-0.066;0.108;0.255;0.339;0.339;0.255;0.108;-0.066;-0.223;-0.325;-0.347;-0.283;-0.149;0.022;0.187;0.307;0.000;0.350
0.400;0.351;0.214;0.025;-0.170;-0.324;-0.397;-0.372;-0.255;-0.075;0.124;0.292;0.387;0.387;0.292;0.124;-0.075;-0.255;-0.372;-0.397;-0.324;-0.170;0.025;0.214;0.350;0.000;0.400
0.450;0.394;0.241;0.028;-0.192;-0.364;-0.446;-0.418;-0.287;-0.084;0.139;0.328;0.436;0.436;0.328;0.139;-0.084;-0.287;-0.418;-0.446;-0.364;-0.192;0.028;0.241;0.394;0.000;0.450
0.500;0.438;0.268;0.031;-0.213;-0.404;-0.496;-0.465;-0.319;-0.094;0.154;0.364;0.484;0.484;0.365;0.155;-0.094;-0.319;-0.465;-0.496;-0.405;-0.213;0.031;0.268;0.438;0.000;0.500
0.550;0.482;0.295;0.035;-0.234;-0.445;-0.546;-0.511;-0.351;-0.103;0.170;0.401;0.533;0.533;0.401;0.170;-0.103;-0.350;-0.511;-0.546;-0.445;-0.234;0.034;0.295;0.482;0.000;0.550
0.600;0.526;0.322;0.038;-0.255;-0.485;-0.595;-0.558;-0.383;-0.113;0.185;0.437;0.581;0.581;0.437;0.186;-0.112;-0.382;-0.558;-0.595;-0.486;-0.256;0.037;0.321;0.526;0.000;0.600
0.650;0.570;0.348;0.041;-0.277;-0.526;-0.645;-0.604;-0.414;-0.122;0.201;0.474;0.630;0.630;0.474;0.201;-0.122;-0.414;-0.604;-0.645;-0.526;-0.277;0.041;0.348;0.569;0.000;0.650
0.700;0.613;0.375;0.044;-0.298;-0.566;-0.694;-0.651;-0.446;-0.131;0.216;0.510;0.678;0.678;0.510;0.216;-0.131;-0.446;-0.651;-0.695;-0.566;-0.298;0.044;0.375;0.613;0.000;0.700
0.750;0.657;0.402;0.047;-0.319;-0.607;-0.744;-0.697;-0.478;-0.141;0.232;0.547;0.726;0.726;0.547;0.232;-0.140;-0.478;-0.697;-0.744;-0.607;-0.320;0.047;0.402;0.657;0.000;0.750
0.800;0.701;0.429;0.050;-0.341;-0.647;-0.794;-0.744;-0.510;-0.150;0.247;0.583;0.775;0.775;0.583;0.247;-0.150;-0.510;-0.744;-0.794;-0.647;-0.341;0.050;0.428;0.701;0.000;0.800
0.850;0.745;0.455;0.053;-0.362;-0.688;-0.843;-0.790;-0.542;-0.159;0.263;0.620;0.823;0.823;0.620;0.263;-0.159;-0.542;-0.790;-0.843;-0.688;-0.362;0.053;0.455;0.745;0.000;0.850
0.900;0.789;0.482;0.057;-0.383;-0.728;-0.893;-0.837;-0.574;-0.169;0.278;0.656;0.872;0.872;0.656;0.278;-0.168;-0.574;-0.837;-0.893;-0.728;-0.383;0.056;0.482;0.789;0.000;0.900
0.950;0.832;0.509;0.060;-0.404;-0.769;-0.942;-0.883;-0.606;-0.178;0.293;0.692;0.920;0.920;0.693;0.294;-0.178;-0.605;-0.883;-0.943;-0.769;-0.405;0.059;0.509;0.832;0.000;0.950
0.050;0.048;0.044;0.036;0.027;0.015;0.003;-0.009;-0.021;-0.032;-0.040;-0.046;-0.050;-0.050;-0.046;-0.040;-0.032;-0.021;-0.009;0.003;0.015;0.027;0.036;0.044;0.048;0.050;0.000
0.100;0.092;0.071;0.040;0.006;-0.025;-0.046;-0.056;-0.053;-0.041;-0.025;-0.010;-0.001;-0.001;-0.010;-0.025;-0.041;-0.053;-0.056;-0.046;-0.025;0.005;0.040;0.071;0.092;0.050;0.050
0.150;0.136;0.097;0.043;-0.016;-0.065;-0.096;-0.102;-0.085;-0.051;-0.010;0.026;0.047;0.047;0.026;-0.010;-0.051;-0.085;-0.102;-0.096;-0.065;-0.016;0.043;0.097;0.136;0.050;0.100
0.200;0.180;0.124;0.046;-0.037;-0.106;-0.146;-0.149;-0.117;-0.060;0.006;0.063;0.096;0.096;0.063;0.006;-0.060;-0.117;-0.149;-0.146;-0.106;-0.037;0.046;0.124;0.180;0.050;0.150
0.250;0.224;0.151;0.049;-0.058;-0.146;-0.195;-0.195;-0.149;-0.069;0.021;0.099;0.144;0.144;0.099;0.021;-0.069;-0.149;-0.195;-0.195;-0.146;-0.058;0.049;0.151;0.224;0.050;0.200
0.300;0.268;0.178;0.052;-0.080;-0.187;-0.245;-0.242;-0.181;-0.079;0.037;0.136;0.193;0.193;0.136;0.037;-0.079;-0.181;-0.242;-0.245;-0.187;-0.080;0.052;0.178;0.267;0.050;0.250
0.350;0.311;0.205;0.055;-0.101;-0.227;-0.294;-0.288;-0.213;-0.088;0.052;0.172;0.241;0.241;0.172;0.052;-0.088;-0.212;-0.288;-0.295;-0.227;-0.101;0.055;0.204;0.311;0.050;0.300
0.400;0.355;0.231;0.058;-0.122;-0.268;-0.344;-0.335;-0.244;-0.097;0.068;0.209;0.289;0.289;0.209;0.068;-0.097;-0.244;-0.335;-0.344;-0.268;-0.122;0.058;0.231;0.355;0.050;0.350
0.450;0.399;0.258;0.062;-0.143;-0.308;-0.394;-0.381;-0.276;-0.107;0.083;0.245;0.338;0.338;0.245;0.083;-0.107;-0.276;-0.381;-0.394;-0.308;-0.144;0.061;0.258;0.399;0.050;0.400
0.500;0.443;0.285;0.065;-0.165;-0.349;-0.443;-0.428;-0.308;-0.116;0.099;0.281;0.386;0.386;0.282;0.099;-0.116;-0.308;-0.428;-0.443;-0.349;-0.165;0.065;0.285;0.443;0.050;0.450
0.550;0.487;0.312;0.068;-0.186;-0.389;-0.493;-0.474;-0.340;-0.126;0.114;0.318;0.435;0.435;0.318;0.114;-0.125;-0.340;-0.474;-0.493;-0.389;-0.186;0.068;0.312;0.486;0.050;0.500
0.600;0.530;0.339;0.071;-0.207;-0.429;-0.543;-0.521;-0.372;-0.135;0.129;0.354;0.483;0.483;0.355;0.130;-0.135;-0.372;-0.521;-0.543;-0.430;-0.208;0.071;0.338;0.530;0.050;0.550
0.650;0.574;0.365;0.074;-0.229;-0.470;-0.592;-0.567;-0.404;-0.144;0.145;0.391;0.532;0.532;0.391;0.145;-0.144;-0.404;-0.567;-0.592;-0.470;-0.229;0.074;0.365;0.574;0.050;0.600
0.700;0.618;0.392;0.077;-0.250;-0.510;-0.642;-0.614;-0.436;-0.154;0.160;0.427;0.580;0.580;0.427;0.161;-0.154;-0.435;-0.614;-0.642;-0.511;-0.250;0.077;0.392;0.618;0.050;0.650
0.750;0.662;0.419;0.080;-0.271;-0.551;-0.691;-0.660;-0.468;-0.163;0.176;0.464;0.628;0.628;0.464;0.176;-0.163;-0.467;-0.660;-0.691;-0.551;-0.271;0.080;0.419;0.662;0.050;0.700
0.800;0.706;0.446;0.084;-0.293;-0.591;-0.741;-0.707;-0.499;-0.173;0.191;0.500;0.677;0.677;0.500;0.191;-0.172;-0.499;-0.707;-0.741;-0.591;-0.293;0.083;0.445;0.706;0.050;0.750
0.850;0.749;0.472;0.087;-0.314;-0.632;-0.791;-0.753;-0.531;-0.182;0.207;0.537;0.725;0.725;0.537;0.207;-0.182;-0.531;-0.753;-0.791;-0.632;-0.314;0.086;0.472;0.749;0.050;0.800
0.900;0.793;0.499;0.090;-0.335;-0.672;-0.840;-0.800;-0.563;-0.191;0.222;0.573;0.774;0.774;0.573;0.222;-0.191;-0.563;-0.800;-0.840;-0.672;-0.335;0.090;0.499;0.793;0.050;0.850
0.950;0.837;0.526;0.093;-0.356;-0.713;-0.890;-0.846;-0.595;-0.201;0.238;0.609;0.822;0.822;0.610;0.238;-0.200;-0.595;-0.846;-0.890;-0.713;-0.357;0.093;0.526;0.837;0.050;0.900
1.000;0.881;0.553;0.096;-0.378;-0.753;-0.939;-0.893;-0.627;-0.210;0.253;0.646;0.871;0.871;0.646;0.253;-0.210;-0.627;-0.893;-0.939;-0.753;-0.378;0.096;0.553;0.881;0.050;0.950
0.100;0.097;0.088;0.073;0.054;0.031;0.006;-0.019;-0.043;-0.064;-0.081;-0.093;-0.099;-0.099;-0.093;-0.081;-0.064;-0.043;-0.019;0.006;0.031;0.054;0.073;0.088;0.097;0.100;0.000
0.150;0.141;0.114;0.076;0.032;-0.010;-0.043;-0.065;-0.074;-0.073;-0.065;-0.057;-0.051;-0.051;-0.057;-0.065;-0.073;-0.074;-0.065;-0.043;-0.010;0.032;0.076;0.114;0.141;0.100;0.050
0.200;0.184;0.141;0.079;0.011;-0.050;-0.093;-0.112;-0.106;-0.082;-0.050;-0.020;-0.002;-0.002;-0.020;-0.050;-0.082;-0.106;-0.112;-0.093;-0.050;0.011;0.079;0.141;0.184;0.100;0.100
0.250;0.228;0.168;0.082;-0.010;-0.090;-0.143;-0.158;-0.138;-0.092;-0.035;0.016;0.046;0.046;0.016;-0.035;-0.092;-0.138;-0.158;-0.143;-0.090;-0.010;0.082;0.168;0.228;0.100;0.150
0.300;0.272;0.195;0.085;-0.032;-0.131;-0.192;-0.205;-0.170;-0.101;-0.019;0.053;0.094;0.095;0.053;-0.019;-0.101;-0.170;-0.205;-0.192;-0.131;-0.032;0.085;0.195;0.272;0.100;0.200
0.350;0.316;0.222;0.089;-0.053;-0.171;-0.242;-0.251;-0.202;-0.111;-0.004;0.089;0.143;0.143;0.089;-0.004;-0.111;-0.202;-0.251;-0.242;-0.171;-0.053;0.089;0.222;0.316;0.100;0.250
0.400;0.360;0.248;0.092;-0.074;-0.212;-0.291;-0.298;-0.234;-0.120;0.012;0.126;0.191;0.191;0.126;0.012;-0.120;-0.234;-0.298;-0.291;-0.212;-0.074;0.092;0.248;0.360;0.100;0.300
0.450;0.404;0.275;0.095;-0.095;-0.252;-0.341;-0.344;-0.266;-0.129;0.027;0.162;0.240;0.240;0.162;0.027;-0.129;-0.266;-0.344;-0.341;-0.252;-0.096;0.095;0.275;0.404;0.100;0.350
0.500;0.447;0.302;0.098;-0.117;-0.293;-0.391;-0.391;-0.298;-0.139;0.043;0.199;0.288;0.288;0.199;0.043;-0.139;-0.297;-0.391;-0.391;-0.293;-0.117;0.098;0.302;0.447;0.100;0.400
0.550;0.491;0.329;0.101;-0.138;-0.333;-0.440;-0.437;-0.329;-0.148;0.058;0.235;0.337;0.337;0.235;0.058;-0.148;-0.329;-0.437;-0.440;-0.333;-0.138;0.101;0.329;0.491;0.100;0.450
0.600;0.535;0.356;0.104;-0.159;-0.374;-0.490;-0.484;-0.361;-0.157;0.074;0.271;0.385;0.385;0.272;0.074;-0.157;-0.361;-0.484;-0.490;-0.374;-0.159;0.104;0.355;0.535;0.100;0.500
0.650;0.579;0.382;0.107;-0.181;-0.414;-0.539;-0.530;-0.393;-0.167;0.089;0.308;0.433;0.434;0.308;0.089;-0.167;-0.393;-0.530;-0.539;-0.414;-0.181;0.107;0.382;0.579;0.100;0.550
0.700;0.623;0.409;0.111;-0.202;-0.454;-0.589;-0.577;-0.425;-0.176;0.104;0.344;0.482;0.482;0.344;0.105;-0.176;-0.425;-0.577;-0.589;-0.455;-0.202;0.110;0.409;0.623;0.100;0.600
0.750;0.666;0.436;0.114;-0.223;-0.495;-0.639;-0.623;-0.457;-0.186;0.120;0.381;0.530;0.530;0.381;0.120;-0.185;-0.457;-0.623;-0.639;-0.495;-0.223;0.113;0.436;0.666;0.100;0.650
0.800;0.710;0.463;0.117;-0.244;-0.535;-0.688;-0.670;-0.489;-0.195;0.135;0.417;0.579;0.579;0.417;0.136;-0.195;-0.489;-0.670;-0.688;-0.536;-0.245;0.117;0.462;0.710;0.100;0.700
0.850;0.754;0.490;0.120;-0.266;-0.576;-0.738;-0.716;-0.521;-0.204;0.151;0.454;0.627;0.627;0.454;0.151;-0.204;-0.521;-0.716;-0.738;-0.576;-0.266;0.120;0.489;0.754;0.100;0.750
0.900;0.798;0.516;0.123;-0.287;-0.616;-0.787;-0.763;-0.553;-0.214;0.166;0.490;0.676;0.676;0.490;0.166;-0.213;-0.552;-0.762;-0.787;-0.616;-0.287;0.123;0.516;0.798;0.100;0.800
0.950;0.842;0.543;0.126;-0.308;-0.657;-0.837;-0.809;-0.584;-0.223;0.182;0.527;0.724;0.724;0.527;0.182;-0.223;-0.584;-0.809;-0.837;-0.657;-0.309;0.126;0.543;0.842;0.100;0.850
1.000;0.886;0.570;0.129;-0.330;-0.697;-0.887;-0.856;-0.616;-0.232;0.197;0.563;0.772;0.773;0.563;0.197;-0.232;-0.616;-0.855;-0.887;-0.697;-0.330;0.129;0.570;0.885;0.100;0.900
1.050;0.929;0.597;0.133;-0.351;-0.738;-0.936;-0.902;-0.648;-0.242;0.213;0.599;0.821;0.821;0.600;0.213;-0.242;-0.648;-0.902;-0.936;-0.738;-0.351;0.132;0.596;0.929;0.100;0.950
0.150;0.145;0.131;0.109;0.080;0.046;0.009;-0.028;-0.064;-0.096;-0.121;-0.139;-0.149;-0.149;-0.139;-0.121;-0.096;-0.064;-0.028;0.009;0.046;0.080;0.109;0.131;0.145;0.150;0.000
0.200;0.189;0.158;0.112;0.059;0.006;-0.040;-0.075;-0.096;-0.105;-0.106;-0.103;-0.100;-0.100;-0.103;-0.106;-0.105;-0.096;-0.075;-0.040;0.006;0.059;0.112;0.158;0.189;0.150;0.050
0.250;0.233;0.185;0.116;0.038;-0.035;-0.090;-0.121;-0.128;-0.114;-0.090;-0.067;-0.052;-0.052;-0.067;-0.090;-0.114;-0.128;-0.121;-0.090;-0.035;0.038;0.116;0.185;0.233;0.150;0.100
0.300;0.277;0.212;0.119;0.017;-0.075;-0.139;-0.168;-0.159;-0.124;-0.075;-0.030;-0.004;-0.004;-0.030;-0.075;-0.124;-0.159;-0.168;-0.139;-0.075;0.016;0.119;0.212;0.277;0.150;0.150
0.350;0.321;0.239;0.122;-0.005;-0.115;-0.189;-0.214;-0.191;-0.133;-0.060;0.006;0.045;0.045;0.006;-0.060;-0.133;-0.191;-0.214;-0.189;-0.116;-0.005;0.122;0.239;0.321;0.150;0.200
0.400;0.364;0.265;0.125;-0.026;-0.156;-0.239;-0.261;-0.223;-0.142;-0.044;0.043;0.093;0.093;0.043;-0.044;-0.142;-0.223;-0.261;-0.239;-0.156;-0.026;0.125;0.265;0.364;0.150;0.250
0.450;0.408;0.292;0.128;-0.047;-0.196;-0.288;-0.307;-0.255;-0.152;-0.029;0.079;0.142;0.142;0.079;-0.029;-0.152;-0.255;-0.307;-0.288;-0.196;-0.047;0.128;0.292;0.408;0.150;0.300
0.500;0.452;0.319;0.131;-0.069;-0.237;-0.338;-0.354;-0.287;-0.161;-0.013;0.116;0.190;0.190;0.116;-0.013;-0.161;-0.287;-0.354;-0.338;-0.237;-0.069;0.131;0.319;0.452;0.150;0.350
0.550;0.496;0.346;0.134;-0.090;-0.277;-0.387;-0.400;-0.319;-0.171;0.002;0.152;0.239;0.239;0.152;0.002;-0.170;-0.319;-0.400;-0.387;-0.277;-0.090;0.134;0.346;0.496;0.150;0.400
0.600;0.540;0.373;0.138;-0.111;-0.318;-0.437;-0.447;-0.351;-0.180;0.018;0.189;0.287;0.287;0.189;0.018;-0.180;-0.351;-0.446;-0.437;-0.318;-0.111;0.137;0.372;0.540;0.150;0.450
0.650;0.583;0.399;0.141;-0.132;-0.358;-0.487;-0.493;-0.383;-0.189;0.033;0.225;0.335;0.335;0.225;0.033;-0.189;-0.382;-0.493;-0.487;-0.358;-0.133;0.141;0.399;0.583;0.150;0.500
0.700;0.627;0.426;0.144;-0.154;-0.399;-0.536;-0.539;-0.414;-0.199;0.049;0.261;0.384;0.384;0.262;0.049;-0.199;-0.414;-0.539;-0.536;-0.399;-0.154;0.144;0.426;0.627;0.150;0.550
0.750;0.671;0.453;0.147;-0.175;-0.439;-0.586;-0.586;-0.446;-0.208;0.064;0.298;0.432;0.432;0.298;0.064;-0.208;-0.446;-0.586;-0.586;-0.439;-0.175;0.147;0.453;0.671;0.150;0.600
0.800;0.715;0.480;0.150;-0.196;-0.479;-0.635;-0.632;-0.478;-0.217;0.079;0.334;0.481;0.481;0.334;0.080;-0.217;-0.478;-0.632;-0.635;-0.480;-0.197;0.150;0.480;0.715;0.150;0.650
0.850;0.759;0.507;0.153;-0.218;-0.520;-0.685;-0.679;-0.510;-0.227;0.095;0.371;0.529;0.529;0.371;0.095;-0.227;-0.510;-0.679;-0.685;-0.520;-0.218;0.153;0.506;0.759;0.150;0.700
0.900;0.803;0.533;0.156;-0.239;-0.560;-0.735;-0.725;-0.542;-0.236;0.110;0.407;0.578;0.578;0.407;0.111;-0.236;-0.542;-0.725;-0.735;-0.561;-0.239;0.156;0.533;0.802;0.150;0.750
0.950;0.846;0.560;0.160;-0.260;-0.601;-0.784;-0.772;-0.574;-0.246;0.126;0.444;0.626;0.626;0.444;0.126;-0.245;-0.574;-0.772;-0.784;-0.601;-0.260;0.159;0.560;0.846;0.150;0.800
1.000;0.890;0.587;0.163;-0.281;-0.641;-0.834;-0.818;-0.606;-0.255;0.141;0.480;0.674;0.675;0.480;0.141;-0.255;-0.606;-0.818;-0.834;-0.641;-0.282;0.162;0.587;0.890;0.150;0.850
1.050;0.934;0.614;0.166;-0.303;-0.682;-0.883;-0.865;-0.638;-0.264;0.157;0.517;0.723;0.723;0.517;0.157;-0.264;-0.637;-0.865;-0.884;-0.682;-0.303;0.166;0.613;0.934;0.150;0.900
1.100;0.978;0.641;0.169;-0.324;-0.722;-0.933;-0.911;-0.669;-0.274;0.172;0.553;0.771;0.771;0.553;0.172;-0.273;-0.669;-0.911;-0.933;-0.722;-0.324;0.169;0.640;0.978;0.150;0.950
0.200;0.194;0.175;0.146;0.107;0.062;0.013;-0.037;-0.085;-0.127;-0.162;-0.186;-0.198;-0.198;-0.186;-0.162;-0.128;-0.085;-0.038;0.013;0.062;0.107;0.146;0.175;0.194;0.200;0.000
0.250;0.238;0.202;0.149;0.086;0.021;-0.037;-0.084;-0.117;-0.137;-0.146;-0.150;-0.150;-0.150;-0.150;-0.146;-0.137;-0.117;-0.084;-0.037;0.021;0.086;0.149;0.202;0.238;0.200;0.050
0.300;0.281;0.229;0.152;0.065;-0.019;-0.087;-0.130;-0.149;-0.146;-0.131;-0.113;-0.102;-0.102;-0.113;-0.131;-0.146;-0.149;-0.130;-0.087;-0.019;0.065;0.152;0.229;0.281;0.200;0.100
0.350;0.325;0.256;0.155;0.043;-0.060;-0.136;-0.177;-0.181;-0.156;-0.115;-0.077;-0.053;-0.053;-0.077;-0.115;-0.156;-0.181;-0.177;-0.136;-0.060;0.043;0.155;0.256;0.325;0.200;0.150
0.400;0.369;0.282;0.158;0.022;-0.100;-0.186;-0.223;-0.213;-0.165;-0.100;-0.040;-0.005;-0.005;-0.040;-0.100;-0.165;-0.213;-0.223;-0.186;-0.100;0.022;0.158;0.282;0.369;0.200;0.200
0.450;0.413;0.309;0.162;0.001;-0.140;-0.235;-0.270;-0.245;-0.174;-0.085;-0.004;0.044;0.044;-0.004;-0.085;-0.174;-0.244;-0.270;-0.236;-0.141;0.001;0.161;0.309;0.413;0.200;0.250
0.500;0.457;0.336;0.165;-0.021;-0.181;-0.285;-0.316;-0.276;-0.184;-0.069;0.033;0.092;0.092;0.033;-0.069;-0.184;-0.276;-0.316;-0.285;-0.181;-0.021;0.165;0.336;0.457;0.200;0.300
0.550;0.500;0.363;0.168;-0.042;-0.221;-0.335;-0.363;-0.308;-0.193;-0.054;0.069;0.141;0.141;0.069;-0.054;-0.193;-0.308;-0.363;-0.335;-0.221;-0.042;0.168;0.363;0.500;0.200;0.350
0.600;0.544;0.390;0.171;-0.063;-0.262;-0.384;-0.409;-0.340;-0.202;-0.038;0.106;0.189;0.189;0.106;-0.038;-0.202;-0.340;-0.409;-0.384;-0.262;-0.063;0.171;0.389;0.544;0.200;0.400
0.650;0.588;0.416;0.174;-0.084;-0.302;-0.434;-0.456;-0.372;-0.212;-0.023;0.142;0.237;0.237;0.142;-0.023;-0.212;-0.372;-0.456;-0.434;-0.302;-0.085;0.174;0.416;0.588;0.200;0.450
0.700;0.632;0.443;0.177;-0.106;-0.343;-0.483;-0.502;-0.404;-0.221;-0.007;0.178;0.286;0.286;0.179;-0.007;-0.221;-0.404;-0.502;-0.484;-0.343;-0.106;0.177;0.443;0.632;0.200;0.500
0.750;0.676;0.470;0.180;-0.127;-0.383;-0.533;-0.549;-0.436;-0.231;0.008;0.215;0.334;0.334;0.215;0.008;-0.230;-0.436;-0.549;-0.533;-0.383;-0.127;0.180;0.470;0.676;0.200;0.550
0.800;0.720;0.497;0.183;-0.148;-0.424;-0.583;-0.595;-0.468;-0.240;0.024;0.251;0.383;0.383;0.252;0.024;-0.240;-0.468;-0.595;-0.583;-0.424;-0.148;0.183;0.497;0.719;0.200;0.600
0.850;0.763;0.524;0.187;-0.170;-0.464;-0.632;-0.642;-0.500;-0.249;0.039;0.288;0.431;0.431;0.288;0.039;-0.249;-0.499;-0.642;-0.632;-0.464;-0.170;0.186;0.523;0.763;0.200;0.650
0.900;0.807;0.550;0.190;-0.191;-0.504;-0.682;-0.688;-0.531;-0.259;0.054;0.324;0.480;0.480;0.324;0.055;-0.259;-0.531;-0.688;-0.682;-0.505;-0.191;0.189;0.550;0.807;0.200;0.700
0.950;0.851;0.577;0.193;-0.212;-0.545;-0.732;-0.735;-0.563;-0.268;0.070;0.361;0.528;0.528;0.361;0.070;-0.268;-0.563;-0.735;-0.732;-0.545;-0.212;0.193;0.577;0.851;0.200;0.750
1.000;0.895;0.604;0.196;-0.233;-0.585;-0.781;-0.781;-0.595;-0.277;0.085;0.397;0.576;0.576;0.397;0.086;-0.277;-0.595;-0.781;-0.781;-0.586;-0.234;0.196;0.604;0.895;0.200;0.800
1.050;0.939;0.631;0.199;-0.255;-0.626;-0.831;-0.828;-0.627;-0.287;0.101;0.434;0.625;0.625;0.434;0.101;-0.287;-0.627;-0.828;-0.831;-0.626;-0.255;0.199;0.630;0.938;0.200;0.850
1.100;0.982;0.658;0.202;-0.276;-0.666;-0.880;-0.874;-0.659;-0.296;0.116;0.470;0.673;0.673;0.470;0.116;-0.296;-0.659;-0.874;-0.880;-0.666;-0.276;0.202;0.657;0.982;0.200;0.900
1.150;1.026;0.684;0.205;-0.297;-0.707;-0.930;-0.921;-0.691;-0.306;0.132;0.506;0.722;0.722;0.507;0.132;-0.305;-0.691;-0.921;-0.930;-0.707;-0.298;0.205;0.684;1.026;0.200;0.950
0.250;0.242;0.219;0.182;0.134;0.077;0.016;-0.047;-0.106;-0.159;-0.202;-0.232;-0.248;-0.248;-0.232;-0.202;-0.159;-0.106;-0.047;0.016;0.077;0.134;0.182;0.219;0.242;0.250;0.000
0.300;0.286;0.246;0.185;0.113;0.037;-0.034;-0.093;-0.138;-0.169;-0.187;-0.196;-0.200;-0.200;-0.196;-0.187;-0.169;-0.138;-0.093;-0.034;0.037;0.113;0.185;0.246;0.286;0.250;0.050
0.350;0.330;0.273;0.189;0.091;-0.004;-0.084;-0.140;-0.170;-0.178;-0.171;-0.160;-0.151;-0.151;-0.160;-0.171;-0.178;-0.170;-0.140;-0.084;-0.004;0.091;0.188;0.273;0.330;0.250;0.100
0.400;0.374;0.299;0.192;0.070;-0.044;-0.133;-0.186;-0.202;-0.187;-0.156;-0.123;-0.103;-0.103;-0.123;-0.156;-0.187;-0.202;-0.186;-0.133;-0.044;0.070;0.192;0.299;0.374;0.250;0.150
0.450;0.417;0.326;0.195;0.049;-0.085;-0.183;-0.233;-0.234;-0.197;-0.140;-0.087;-0.054;-0.054;-0.087;-0.140;-0.197;-0.234;-0.233;-0.183;-0.085;0.049;0.195;0.326;0.417;0.250;0.200
0.500;0.461;0.353;0.198;0.028;-0.125;-0.232;-0.279;-0.266;-0.206;-0.125;-0.050;-0.006;-0.006;-0.050;-0.125;-0.206;-0.266;-0.279;-0.232;-0.125;0.027;0.198;0.353;0.461;0.250;0.250
0.550;0.505;0.380;0.201;0.006;-0.165;-0.282;-0.326;-0.298;-0.216;-0.110;-0.014;0.043;0.043;-0.014;-0.110;-0.216;-0.298;-0.326;-0.282;-0.166;0.006;0.201;0.380;0.505;0.250;0.300
0.600;0.549;0.407;0.204;-0.015;-0.206;-0.332;-0.372;-0.330;-0.225;-0.094;0.023;0.091;0.091;0.023;-0.094;-0.225;-0.330;-0.372;-0.332;-0.206;-0.015;0.204;0.406;0.549;0.250;0.350
0.650;0.593;0.433;0.207;-0.036;-0.246;-0.381;-0.419;-0.361;-0.234;-0.079;0.059;0.139;0.139;0.059;-0.079;-0.234;-0.361;-0.419;-0.381;-0.246;-0.037;0.207;0.433;0.593;0.250;0.400
0.700;0.636;0.460;0.211;-0.058;-0.287;-0.431;-0.465;-0.393;-0.244;-0.063;0.096;0.188;0.188;0.096;-0.063;-0.244;-0.393;-0.465;-0.431;-0.287;-0.058;0.210;0.460;0.636;0.250;0.450
0.750;0.680;0.487;0.214;-0.079;-0.327;-0.480;-0.512;-0.425;-0.253;-0.048;0.132;0.236;0.236;0.132;-0.048;-0.253;-0.425;-0.512;-0.480;-0.327;-0.079;0.213;0.487;0.680;0.250;0.500
0.800;0.724;0.514;0.217;-0.100;-0.368;-0.530;-0.558;-0.457;-0.262;-0.032;0.168;0.285;0.285;0.169;-0.032;-0.262;-0.457;-0.558;-0.530;-0.368;-0.100;0.217;0.514;0.724;0.250;0.550
0.850;0.768;0.541;0.220;-0.121;-0.408;-0.580;-0.605;-0.489;-0.272;-0.017;0.205;0.333;0.333;0.205;-0.017;-0.272;-0.489;-0.605;-0.580;-0.408;-0.122;0.220;0.540;0.768;0.250;0.600
0.900;0.812;0.567;0.223;-0.143;-0.449;-0.629;-0.651;-0.521;-0.281;-0.001;0.241;0.382;0.382;0.241;-0.001;-0.281;-0.521;-0.651;-0.629;-0.449;-0.143;0.223;0.567;0.812;0.250;0.650
0.950;0.856;0.594;0.226;-0.164;-0.489;-0.679;-0.698;-0.553;-0.291;0.014;0.278;0.430;0.430;0.278;0.014;-0.290;-0.553;-0.698;-0.679;-0.489;-0.164;0.226;0.594;0.855;0.250;0.700
1.000;0.899;0.621;0.229;-0.185;-0.529;-0.728;-0.744;-0.585;-0.300;0.029;0.314;0.478;0.478;0.314;0.030;-0.300;-0.584;-0.744;-0.728;-0.530;-0.186;0.229;0.621;0.899;0.250;0.750
1.050;0.943;0.648;0.233;-0.207;-0.570;-0.778;-0.791;-0.616;-0.309;0.045;0.351;0.527;0.527;0.351;0.045;-0.309;-0.616;-0.791;-0.778;-0.570;-0.207;0.232;0.647;0.943;0.250;0.800
1.100;0.987;0.675;0.236;-0.228;-0.610;-0.828;-0.837;-0.648;-0.319;0.060;0.387;0.575;0.575;0.387;0.061;-0.318;-0.648;-0.837;-0.828;-0.611;-0.228;0.235;0.674;0.987;0.250;0.850
1.150;1.031;0.701;0.239;-0.249;-0.651;-0.877;-0.884;-0.680;-0.328;0.076;0.424;0.624;0.624;0.424;0.076;-0.328;-0.680;-0.884;-0.877;-0.651;-0.250;0.238;0.701;1.031;0.250;0.900
1.200;1.075;0.728;0.242;-0.270;-0.691;-0.927;-0.930;-0.712;-0.337;0.091;0.460;0.672;0.672;0.460;0.091;-0.337;-0.712;-0.930;-0.927;-0.692;-0.271;0.242;0.728;1.074;0.250;0.950
0.300;0.291;0.263;0.219;0.161;0.093;0.019;-0.056;-0.128;-0.191;-0.243;-0.279;-0.298;-0.298;-0.279;-0.243;-0.191;-0.128;-0.056;0.019;0.093;0.161;0.219;0.263;0.291;0.300;0.000
0.350;0.334;0.290;0.222;0.139;0.052;-0.031;-0.103;-0.160;-0.201;-0.227;-0.242;-0.249;-0.249;-0.242;-0.227;-0.201;-0.160;-0.103;-0.031;0.052;0.139;0.222;0.290;0.334;0.300;0.050
0.400;0.378;0.316;0.225;0.118;0.012;-0.080;-0.149;-0.191;-0.210;-0.212;-0.206;-0.201;-0.201;-0.206;-0.212;-0.210;-0.191;-0.149;-0.080;0.012;0.118;0.225;0.316;0.378;0.300;0.100
0.450;0.422;0.343;0.228;0.097;-0.029;-0.130;-0.196;-0.223;-0.219;-0.196;-0.170;-0.152;-0.152;-0.170;-0.196;-0.219;-0.223;-0.196;-0.130;-0.029;0.097;0.228;0.343;0.422;0.300;0.150
0.500;0.466;0.370;0.231;0.076;-0.069;-0.180;-0.242;-0.255;-0.229;-0.181;-0.133;-0.104;-0.104;-0.133;-0.181;-0.229;-0.255;-0.242;-0.180;-0.069;0.075;0.231;0.370;0.466;0.300;0.200
0.550;0.510;0.397;0.234;0.054;-0.110;-0.229;-0.289;-0.287;-0.238;-0.165;-0.097;-0.055;-0.055;-0.097;-0.165;-0.238;-0.287;-0.289;-0.229;-0.110;0.054;0.234;0.397;0.510;0.300;0.250
0.600;0.553;0.424;0.238;0.033;-0.150;-0.279;-0.335;-0.319;-0.247;-0.150;-0.060;-0.007;-0.007;-0.060;-0.150;-0.247;-0.319;-0.335;-0.279;-0.150;0.033;0.237;0.424;0.553;0.300;0.300
0.650;0.597;0.450;0.241;0.012;-0.190;-0.328;-0.382;-0.351;-0.257;-0.135;-0.024;0.041;0.041;-0.024;-0.134;-0.257;-0.351;-0.382;-0.328;-0.191;0.012;0.241;0.450;0.597;0.300;0.350
0.700;0.641;0.477;0.244;-0.010;-0.231;-0.378;-0.428;-0.383;-0.266;-0.119;0.013;0.090;0.090;0.013;-0.119;-0.266;-0.383;-0.428;-0.378;-0.231;-0.010;0.244;0.477;0.641;0.300;0.400
0.750;0.685;0.504;0.247;-0.031;-0.271;-0.428;-0.475;-0.415;-0.276;-0.104;0.049;0.138;0.138;0.049;-0.104;-0.275;-0.415;-0.475;-0.428;-0.271;-0.031;0.247;0.504;0.685;0.300;0.450
0.800;0.729;0.531;0.250;-0.052;-0.312;-0.477;-0.521;-0.446;-0.285;-0.088;0.086;0.187;0.187;0.086;-0.088;-0.285;-0.446;-0.521;-0.477;-0.312;-0.052;0.250;0.531;0.729;0.300;0.500
0.850;0.773;0.558;0.253;-0.073;-0.352;-0.527;-0.568;-0.478;-0.294;-0.073;0.122;0.235;0.235;0.122;-0.073;-0.294;-0.478;-0.568;-0.527;-0.352;-0.074;0.253;0.557;0.772;0.300;0.550
0.900;0.816;0.584;0.256;-0.095;-0.393;-0.576;-0.614;-0.510;-0.304;-0.057;0.158;0.283;0.284;0.159;-0.057;-0.304;-0.510;-0.614;-0.576;-0.393;-0.095;0.256;0.584;0.816;0.300;0.600
0.950;0.860;0.611;0.260;-0.116;-0.433;-0.626;-0.661;-0.542;-0.313;-0.042;0.195;0.332;0.332;0.195;-0.042;-0.313;-0.542;-0.661;-0.626;-0.433;-0.116;0.259;0.611;0.860;0.300;0.650
1.000;0.904;0.638;0.263;-0.137;-0.474;-0.676;-0.707;-0.574;-0.322;-0.026;0.231;0.380;0.380;0.231;-0.026;-0.322;-0.574;-0.707;-0.676;-0.474;-0.138;0.262;0.638;0.904;0.300;0.700
1.050;0.948;0.665;0.266;-0.159;-0.514;-0.725;-0.754;-0.606;-0.332;-0.011;0.268;0.429;0.429;0.268;-0.011;-0.332;-0.606;-0.754;-0.725;-0.514;-0.159;0.266;0.665;0.948;0.300;0.750
1.100;0.992;0.692;0.269;-0.180;-0.554;-0.775;-0.800;-0.638;-0.341;0.004;0.304;0.477;0.477;0.304;0.005;-0.341;-0.638;-0.800;-0.775;-0.555;-0.180;0.269;0.691;0.991;0.300;0.800
1.150;1.035;0.718;0.272;-0.201;-0.595;-0.824;-0.847;-0.670;-0.351;0.020;0.341;0.526;0.526;0.341;0.020;-0.350;-0.669;-0.846;-0.825;-0.595;-0.201;0.272;0.718;1.035;0.300;0.850
1.200;1.079;0.745;0.275;-0.222;-0.635;-0.874;-0.893;-0.701;-0.360;0.035;0.377;0.574;0.574;0.377;0.036;-0.360;-0.701;-0.893;-0.874;-0.636;-0.223;0.275;0.745;1.079;0.300;0.900
1.250;1.123;0.772;0.278;-0.244;-0.676;-0.924;-0.940;-0.733;-0.369;0.051;0.413;0.622;0.623;0.414;0.051;-0.369;-0.733;-0.939;-0.924;-0.676;-0.244;0.278;0.772;1.123;0.300;0.950
0.350;0.339;0.307;0.255;0.188;0.108;0.022;-0.066;-0.149;-0.223;-0.283;-0.325;-0.347;-0.347;-0.325;-0.283;-0.223;-0.149;-0.066;0.022;0.108;0.187;0.255;0.307;0.339;0.350;0.000
0.400;0.383;0.334;0.258;0.166;0.068;-0.028;-0.112;-0.181;-0.232;-0.268;-0.289;-0.299;-0.299;-0.289;-0.268;-0.232;-0.181;-0.112;-0.028;0.068;0.166;0.258;0.333;0.383;0.350;0.050
0.450;0.427;0.360;0.261;0.145;0.027;-0.077;-0.159;-0.213;-0.242;-0.252;-0.253;-0.250;-0.250;-0.253;-0.252;-0.242;-0.213;-0.159;-0.077;0.027;0.145;0.261;0.360;0.427;0.350;0.100
0.500;0.470;0.387;0.265;0.124;-0.013;-0.127;-0.205;-0.245;-0.251;-0.237;-0.216;-0.202;-0.202;-0.216;-0.237;-0.251;-0.245;-0.205;-0.127;-0.013;0.124;0.264;0.387;0.470;0.350;0.150
0.550;0.514;0.414;0.268;0.102;-0.054;-0.176;-0.252;-0.277;-0.261;-0.221;-0.180;-0.154;-0.154;-0.180;-0.221;-0.261;-0.277;-0.252;-0.177;-0.054;0.102;0.268;0.414;0.514;0.350;0.200
0.600;0.558;0.441;0.271;0.081;-0.094;-0.226;-0.298;-0.308;-0.270;-0.206;-0.143;-0.105;-0.105;-0.143;-0.206;-0.270;-0.308;-0.298;-0.226;-0.094;0.081;0.271;0.441;0.558;0.350;0.250
0.650;0.602;0.467;0.274;0.060;-0.135;-0.276;-0.345;-0.340;-0.279;-0.190;-0.107;-0.057;-0.057;-0.107;-0.190;-0.279;-0.340;-0.345;-0.276;-0.135;0.060;0.274;0.467;0.602;0.350;0.300
0.700;0.646;0.494;0.277;0.039;-0.175;-0.325;-0.391;-0.372;-0.289;-0.175;-0.070;-0.008;-0.008;-0.070;-0.175;-0.289;-0.372;-0.391;-0.325;-0.175;0.038;0.277;0.494;0.646;0.350;0.350
0.750;0.690;0.521;0.280;0.017;-0.215;-0.375;-0.437;-0.404;-0.298;-0.160;-0.034;0.040;0.040;-0.034;-0.159;-0.298;-0.404;-0.438;-0.375;-0.216;0.017;0.280;0.521;0.689;0.350;0.400
0.800;0.733;0.548;0.283;-0.004;-0.256;-0.424;-0.484;-0.436;-0.307;-0.144;0.003;0.089;0.089;0.003;-0.144;-0.307;-0.436;-0.484;-0.425;-0.256;-0.004;0.283;0.548;0.733;0.350;0.450
0.850;0.777;0.575;0.287;-0.025;-0.296;-0.474;-0.530;-0.468;-0.317;-0.129;0.039;0.137;0.137;0.039;-0.129;-0.317;-0.468;-0.530;-0.474;-0.296;-0.026;0.286;0.574;0.777;0.350;0.500
0.900;0.821;0.601;0.290;-0.047;-0.337;-0.524;-0.577;-0.500;-0.326;-0.113;0.075;0.185;0.186;0.076;-0.113;-0.326;-0.500;-0.577;-0.524;-0.337;-0.047;0.289;0.601;0.821;0.350;0.550
0.950;0.865;0.628;0.293;-0.068;-0.377;-0.573;-0.623;-0.532;-0.336;-0.098;0.112;0.234;0.234;0.112;-0.098;-0.335;-0.531;-0.623;-0.573;-0.377;-0.068;0.293;0.628;0.865;0.350;0.600
1.000;0.909;0.655;0.296;-0.089;-0.418;-0.623;-0.670;-0.563;-0.345;-0.082;0.148;0.282;0.282;0.148;-0.082;-0.345;-0.563;-0.670;-0.623;-0.418;-0.089;0.296;0.655;0.908;0.350;0.650
1.050;0.952;0.682;0.299;-0.110;-0.458;-0.672;-0.716;-0.595;-0.354;-0.067;0.185;0.331;0.331;0.185;-0.067;-0.354;-0.595;-0.716;-0.673;-0.458;-0.111;0.299;0.682;0.952;0.350;0.700
1.100;0.996;0.709;0.302;-0.132;-0.499;-0.722;-0.763;-0.627;-0.364;-0.051;0.221;0.379;0.379;0.221;-0.051;-0.363;-0.627;-0.763;-0.722;-0.499;-0.132;0.302;0.708;0.996;0.350;0.750
1.150;1.040;0.735;0.305;-0.153;-0.539;-0.772;-0.809;-0.659;-0.373;-0.036;0.258;0.428;0.428;0.258;-0.036;-0.373;-0.659;-0.809;-0.772;-0.539;-0.153;0.305;0.735;1.040;0.350;0.800
1.200;1.084;0.762;0.309;-0.174;-0.579;-0.821;-0.856;-0.691;-0.382;-0.021;0.294;0.476;0.476;0.294;-0.020;-0.382;-0.691;-0.856;-0.821;-0.580;-0.175;0.308;0.762;1.084;0.350;0.850
1.250;1.128;0.789;0.312;-0.196;-0.620;-0.871;-0.902;-0.723;-0.392;-0.005;0.331;0.524;0.525;0.331;-0.005;-0.392;-0.723;-0.902;-0.871;-0.620;-0.196;0.311;0.789;1.128;0.350;0.900
1.300;1.172;0.816;0.315;-0.217;-0.660;-0.921;-0.949;-0.755;-0.401;0.010;0.367;0.573;0.573;0.367;0.011;-0.401;-0.754;-0.949;-0.921;-0.661;-0.217;0.314;0.815;1.171;0.350;0.950
0.400;0.387;0.351;0.292;0.214;0.124;0.025;-0.075;-0.170;-0.255;-0.324;-0.372;-0.397;-0.397;-0.372;-0.324;-0.255;-0.170;-0.075;0.025;0.124;0.214;0.292;0.350;0.387;0.400;0.000
0.450;0.431;0.377;0.295;0.193;0.083;-0.024;-0.121;-0.202;-0.264;-0.308;-0.335;-0.348;-0.348;-0.335;-0.308;-0.264;-0.202;-0.121;-0.025;0.083;0.193;0.295;0.377;0.431;0.400;0.050
0.500;0.475;0.404;0.298;0.172;0.043;-0.074;-0.168;-0.234;-0.274;-0.293;-0.299;-0.300;-0.300;-0.299;-0.293;-0.274;-0.234;-0.168;-0.074;0.043;0.172;0.298;0.404;0.475;0.400;0.100
0.550;0.519;0.431;0.301;0.150;0.002;-0.124;-0.214;-0.266;-0.283;-0.277;-0.263;-0.252;-0.252;-0.263;-0.277;-0.283;-0.266;-0.214;-0.124;0.002;0.150;0.301;0.431;0.519;0.400;0.150
0.600;0.563;0.458;0.304;0.129;-0.038;-0.173;-0.261;-0.298;-0.292;-0.262;-0.226;-0.203;-0.203;-0.226;-0.262;-0.292;-0.298;-0.261;-0.173;-0.038;0.129;0.304;0.458;0.563;0.400;0.200
0.650;0.607;0.484;0.307;0.108;-0.079;-0.223;-0.307;-0.330;-0.302;-0.246;-0.190;-0.155;-0.155;-0.190;-0.246;-0.302;-0.330;-0.307;-0.223;-0.079;0.108;0.307;0.484;0.606;0.400;0.250
0.700;0.650;0.511;0.310;0.087;-0.119;-0.272;-0.354;-0.362;-0.311;-0.231;-0.153;-0.106;-0.106;-0.153;-0.231;-0.311;-0.362;-0.354;-0.273;-0.119;0.086;0.310;0.511;0.650;0.400;0.300
0.750;0.694;0.538;0.314;0.065;-0.160;-0.322;-0.400;-0.393;-0.321;-0.215;-0.117;-0.058;-0.058;-0.117;-0.215;-0.321;-0.393;-0.400;-0.322;-0.160;0.065;0.313;0.538;0.694;0.400;0.350
0.800;0.738;0.565;0.317;0.044;-0.200;-0.372;-0.447;-0.425;-0.330;-0.200;-0.080;-0.009;-0.009;-0.080;-0.200;-0.330;-0.425;-0.447;-0.372;-0.200;0.044;0.317;0.565;0.738;0.400;0.400
0.850;0.782;0.592;0.320;0.023;-0.240;-0.421;-0.493;-0.457;-0.339;-0.185;-0.044;0.039;0.039;-0.044;-0.184;-0.339;-0.457;-0.493;-0.421;-0.241;0.023;0.320;0.591;0.782;0.400;0.450
0.900;0.826;0.618;0.323;0.001;-0.281;-0.471;-0.540;-0.489;-0.349;-0.169;-0.007;0.087;0.087;-0.007;-0.169;-0.349;-0.489;-0.540;-0.471;-0.281;0.001;0.323;0.618;0.825;0.400;0.500
0.950;0.869;0.645;0.326;-0.020;-0.321;-0.521;-0.586;-0.521;-0.358;-0.154;0.029;0.136;0.136;0.029;-0.154;-0.358;-0.521;-0.586;-0.521;-0.322;-0.020;0.326;0.645;0.869;0.400;0.550
1.000;0.913;0.672;0.329;-0.041;-0.362;-0.570;-0.633;-0.553;-0.367;-0.138;0.065;0.184;0.184;0.066;-0.138;-0.367;-0.553;-0.633;-0.570;-0.362;-0.041;0.329;0.672;0.913;0.400;0.600
1.050;0.957;0.699;0.332;-0.062;-0.402;-0.620;-0.679;-0.585;-0.377;-0.123;0.102;0.233;0.233;0.102;-0.123;-0.377;-0.585;-0.679;-0.620;-0.402;-0.063;0.332;0.699;0.957;0.400;0.650
1.100;1.001;0.726;0.336;-0.084;-0.443;-0.669;-0.726;-0.617;-0.386;-0.107;0.138;0.281;0.281;0.138;-0.107;-0.386;-0.616;-0.726;-0.669;-0.443;-0.084;0.335;0.725;1.001;0.400;0.700
1.150;1.045;0.752;0.339;-0.105;-0.483;-0.719;-0.772;-0.648;-0.396;-0.092;0.175;0.330;0.330;0.175;-0.092;-0.395;-0.648;-0.772;-0.719;-0.483;-0.105;0.338;0.752;1.045;0.400;0.750
1.200;1.088;0.779;0.342;-0.126;-0.524;-0.769;-0.819;-0.680;-0.405;-0.076;0.211;0.378;0.378;0.211;-0.076;-0.405;-0.680;-0.819;-0.769;-0.524;-0.127;0.342;0.779;1.088;0.400;0.800
1.250;1.132;0.806;0.345;-0.148;-0.564;-0.818;-0.865;-0.712;-0.414;-0.061;0.248;0.426;0.426;0.248;-0.061;-0.414;-0.712;-0.865;-0.818;-0.564;-0.148;0.345;0.806;1.132;0.400;0.850
1.300;1.176;0.833;0.348;-0.169;-0.604;-0.868;-0.912;-0.744;-0.424;-0.046;0.284;0.475;0.475;0.284;-0.045;-0.423;-0.744;-0.912;-0.868;-0.605;-0.169;0.348;0.832;1.176;0.400;0.900
1.350;1.220;0.860;0.351;-0.190;-0.645;-0.917;-0.958;-0.776;-0.433;-0.030;0.321;0.523;0.523;0.321;-0.030;-0.433;-0.776;-0.958;-0.917;-0.645;-0.190;0.351;0.859;1.220;0.400;0.950
0.450;0.436;0.394;0.328;0.241;0.139;0.028;-0.084;-0.192;-0.287;-0.364;-0.418;-0.446;-0.446;-0.418;-0.364;-0.287;-0.192;-0.084;0.028;0.139;0.241;0.328;0.394;0.436;0.450;0.000
0.500;0.480;0.421;0.331;0.220;0.099;-0.021;-0.131;-0.223;-0.296;-0.349;-0.382;-0.398;-0.398;-0.382;-0.349;-0.296;-0.224;-0.131;-0.021;0.099;0.220;0.331;0.421;0.480;0.450;0.050
0.550;0.523;0.448;0.334;0.199;0.058;-0.071;-0.177;-0.255;-0.306;-0.333;-0.346;-0.350;-0.350;-0.346;-0.333;-0.306;-0.255;-0.177;-0.071;0.058;0.198;0.334;0.448;0.523;0.450;0.100
0.600;0.567;0.475;0.337;0.177;0.018;-0.121;-0.224;-0.287;-0.315;-0.318;-0.309;-0.301;-0.301;-0.309;-0.318;-0.315;-0.287;-0.224;-0.121;0.018;0.177;0.337;0.475;0.567;0.450;0.150
0.650;0.611;0.502;0.341;0.156;-0.023;-0.170;-0.270;-0.319;-0.324;-0.302;-0.273;-0.253;-0.253;-0.273;-0.302;-0.324;-0.319;-0.270;-0.170;-0.023;0.156;0.340;0.501;0.611;0.450;0.200
0.700;0.655;0.528;0.344;0.135;-0.063;-0.220;-0.317;-0.351;-0.334;-0.287;-0.236;-0.204;-0.204;-0.236;-0.287;-0.334;-0.351;-0.317;-0.220;-0.063;0.135;0.344;0.528;0.655;0.450;0.250
0.750;0.699;0.555;0.347;0.113;-0.104;-0.269;-0.363;-0.383;-0.343;-0.271;-0.200;-0.156;-0.156;-0.200;-0.271;-0.343;-0.383;-0.363;-0.269;-0.104;0.113;0.347;0.555;0.699;0.450;0.300
0.800;0.743;0.582;0.350;0.092;-0.144;-0.319;-0.410;-0.415;-0.352;-0.256;-0.163;-0.107;-0.107;-0.163;-0.256;-0.352;-0.415;-0.410;-0.319;-0.144;0.092;0.350;0.582;0.742;0.450;0.350
0.850;0.786;0.609;0.353;0.071;-0.185;-0.369;-0.456;-0.447;-0.362;-0.240;-0.127;-0.059;-0.059;-0.127;-0.240;-0.362;-0.447;-0.456;-0.369;-0.185;0.071;0.353;0.609;0.786;0.450;0.400
0.900;0.830;0.635;0.356;0.050;-0.225;-0.418;-0.503;-0.478;-0.371;-0.225;-0.090;-0.011;-0.011;-0.090;-0.225;-0.371;-0.478;-0.503;-0.418;-0.225;0.049;0.356;0.635;0.830;0.450;0.450
0.950;0.874;0.662;0.359;0.028;-0.265;-0.468;-0.549;-0.510;-0.381;-0.210;-0.054;0.038;0.038;-0.054;-0.209;-0.380;-0.510;-0.549;-0.468;-0.266;0.028;0.359;0.662;0.874;0.450;0.500
1.000;0.918;0.689;0.363;0.007;-0.306;-0.517;-0.596;-0.542;-0.390;-0.194;-0.018;0.086;0.086;-0.017;-0.194;-0.390;-0.542;-0.596;-0.517;-0.306;0.007;0.362;0.689;0.918;0.450;0.550
1.050;0.962;0.716;0.366;-0.014;-0.346;-0.567;-0.642;-0.574;-0.399;-0.179;0.019;0.135;0.135;0.019;-0.179;-0.399;-0.574;-0.642;-0.567;-0.347;-0.015;0.365;0.716;0.962;0.450;0.600
1.100;1.005;0.743;0.369;-0.036;-0.387;-0.617;-0.689;-0.606;-0.409;-0.163;0.055;0.183;0.183;0.056;-0.163;-0.409;-0.606;-0.689;-0.617;-0.387;-0.036;0.369;0.742;1.005;0.450;0.650
1.150;1.049;0.769;0.372;-0.057;-0.427;-0.666;-0.735;-0.638;-0.418;-0.148;0.092;0.232;0.232;0.092;-0.148;-0.418;-0.638;-0.735;-0.666;-0.427;-0.057;0.372;0.769;1.049;0.450;0.700
1.200;1.093;0.796;0.375;-0.078;-0.468;-0.716;-0.782;-0.670;-0.427;-0.132;0.128;0.280;0.280;0.128;-0.132;-0.427;-0.670;-0.782;-0.716;-0.468;-0.078;0.375;0.796;1.093;0.450;0.750
1.250;1.137;0.823;0.378;-0.099;-0.508;-0.765;-0.828;-0.702;-0.437;-0.117;0.165;0.328;0.328;0.165;-0.117;-0.437;-0.701;-0.828;-0.766;-0.508;-0.100;0.378;0.823;1.137;0.450;0.800
1.300;1.181;0.850;0.381;-0.121;-0.549;-0.815;-0.875;-0.733;-0.446;-0.101;0.201;0.377;0.377;0.201;-0.101;-0.446;-0.733;-0.875;-0.815;-0.549;-0.121;0.381;0.850;1.181;0.450;0.850
1.350;1.225;0.877;0.385;-0.142;-0.589;-0.865;-0.921;-0.765;-0.456;-0.086;0.238;0.425;0.425;0.238;-0.086;-0.455;-0.765;-0.921;-0.865;-0.589;-0.142;0.384;0.876;1.224;0.450;0.900
1.400;1.268;0.903;0.388;-0.163;-0.629;-0.914;-0.968;-0.797;-0.465;-0.071;0.274;0.474;0.474;0.274;-0.070;-0.465;-0.797;-0.968;-0.914;-0.630;-0.164;0.387;0.903;1.268;0.450;0.950
0.500;0.484;0.438;0.364;0.268;0.155;0.031;-0.094;-0.213;-0.319;-0.404;-0.465;-0.496;-0.496;-0.465;-0.405;-0.319;-0.213;-0.094;0.031;0.154;0.268;0.364;0.438;0.484;0.500;0.000
0.550;0.528;0.465;0.368;0.247;0.114;-0.018;-0.140;-0.245;-0.328;-0.389;-0.428;-0.448;-0.448;-0.428;-0.389;-0.328;-0.245;-0.140;-0.018;0.114;0.247;0.368;0.465;0.528;0.500;0.050
0.600;0.572;0.492;0.371;0.225;0.074;-0.068;-0.187;-0.277;-0.337;-0.374;-0.392;-0.399;-0.399;-0.392;-0.374;-0.337;-0.277;-0.187;-0.068;0.074;0.225;0.371;0.492;0.572;0.500;0.100
0.650;0.616;0.519;0.374;0.204;0.033;-0.117;-0.233;-0.308;-0.347;-0.358;-0.356;-0.351;-0.351;-0.356;-0.358;-0.347;-0.309;-0.233;-0.117;0.033;0.204;0.374;0.518;0.616;0.500;0.150
0.700;0.660;0.545;0.377;0.183;-0.007;-0.167;-0.280;-0.340;-0.356;-0.343;-0.319;-0.302;-0.302;-0.319;-0.343;-0.356;-0.340;-0.280;-0.167;-0.007;0.183;0.377;0.545;0.659;0.500;0.200
0.750;0.703;0.572;0.380;0.161;-0.048;-0.217;-0.326;-0.372;-0.366;-0.327;-0.283;-0.254;-0.254;-0.283;-0.327;-0.366;-0.372;-0.326;-0.217;-0.048;0.161;0.380;0.572;0.703;0.500;0.250
0.800;0.747;0.599;0.383;0.140;-0.088;-0.266;-0.373;-0.404;-0.375;-0.312;-0.246;-0.205;-0.205;-0.246;-0.312;-0.375;-0.404;-0.373;-0.266;-0.088;0.140;0.383;0.599;0.747;0.500;0.300
0.850;0.791;0.626;0.386;0.119;-0.129;-0.316;-0.419;-0.436;-0.384;-0.296;-0.210;-0.157;-0.157;-0.210;-0.296;-0.384;-0.436;-0.419;-0.316;-0.129;0.119;0.386;0.626;0.791;0.500;0.350
0.900;0.835;0.652;0.390;0.098;-0.169;-0.365;-0.466;-0.468;-0.394;-0.281;-0.173;-0.109;-0.109;-0.173;-0.281;-0.394;-0.468;-0.466;-0.366;-0.169;0.097;0.389;0.652;0.835;0.500;0.400
0.950;0.879;0.679;0.393;0.076;-0.210;-0.415;-0.512;-0.500;-0.403;-0.265;-0.137;-0.060;-0.060;-0.137;-0.265;-0.403;-0.500;-0.512;-0.415;-0.210;0.076;0.393;0.679;0.879;0.500;0.450
1.000;0.922;0.706;0.396;0.055;-0.250;-0.465;-0.559;-0.532;-0.412;-0.250;-0.100;-0.012;-0.012;-0.100;-0.250;-0.412;-0.532;-0.559;-0.465;-0.250;0.055;0.396;0.706;0.922;0.500;0.500
1.050;0.966;0.733;0.399;0.034;-0.290;-0.514;-0.605;-0.563;-0.422;-0.235;-0.064;0.037;0.037;-0.064;-0.234;-0.422;-0.563;-0.605;-0.514;-0.291;0.034;0.399;0.733;0.966;0.500;0.550
1.100;1.010;0.760;0.402;0.012;-0.331;-0.564;-0.652;-0.595;-0.431;-0.219;-0.028;0.085;0.085;-0.027;-0.219;-0.431;-0.595;-0.652;-0.564;-0.331;0.012;0.402;0.759;1.010;0.500;0.600
1.150;1.054;0.786;0.405;-0.009;-0.371;-0.613;-0.698;-0.627;-0.441;-0.204;0.009;0.133;0.134;0.009;-0.204;-0.440;-0.627;-0.698;-0.614;-0.372;-0.009;0.405;0.786;1.054;0.500;0.650
1.200;1.098;0.813;0.408;-0.030;-0.412;-0.663;-0.745;-0.659;-0.450;-0.188;0.045;0.182;0.182;0.045;-0.188;-0.450;-0.659;-0.745;-0.663;-0.412;-0.030;0.408;0.813;1.098;0.500;0.700
1.250;1.142;0.840;0.412;-0.051;-0.452;-0.713;-0.791;-0.691;-0.459;-0.173;0.082;0.230;0.230;0.082;-0.173;-0.459;-0.691;-0.791;-0.713;-0.452;-0.052;0.411;0.840;1.141;0.500;0.750
1.300;1.185;0.867;0.415;-0.073;-0.493;-0.762;-0.838;-0.723;-0.469;-0.157;0.118;0.279;0.279;0.118;-0.157;-0.468;-0.723;-0.837;-0.762;-0.493;-0.073;0.414;0.867;1.185;0.500;0.800
1.350;1.229;0.894;0.418;-0.094;-0.533;-0.812;-0.884;-0.755;-0.478;-0.142;0.155;0.327;0.327;0.155;-0.142;-0.478;-0.755;-0.884;-0.812;-0.533;-0.094;0.418;0.893;1.229;0.500;0.850
1.400;1.273;0.920;0.421;-0.115;-0.574;-0.861;-0.930;-0.787;-0.487;-0.126;0.191;0.376;0.376;0.191;-0.126;-0.487;-0.786;-0.930;-0.862;-0.574;-0.116;0.421;0.920;1.273;0.500;0.900
1.450;1.317;0.947;0.424;-0.137;-0.614;-0.911;-0.977;-0.819;-0.497;-0.111;0.228;0.424;0.424;0.228;-0.111;-0.497;-0.818;-0.977;-0.911;-0.614;-0.137;0.424;0.947;1.317;0.500;0.950
0.550;0.533;0.482;0.401;0.295;0.170;0.035;-0.103;-0.234;-0.351;-0.445;-0.511;-0.546;-0.546;-0.511;-0.445;-0.351;-0.234;-0.103;0.034;0.170;0.295;0.401;0.482;0.533;0.550;0.000
0.600;0.577;0.509;0.404;0.273;0.130;-0.015;-0.150;-0.266;-0.360;-0.429;-0.475;-0.497;-0.497;-0.475;-0.430;-0.360;-0.266;-0.150;-0.015;0.129;0.273;0.404;0.509;0.577;0.550;0.050
0.650;0.620;0.536;0.407;0.252;0.089;-0.065;-0.196;-0.298;-0.369;-0.414;-0.438;-0.449;-0.449;-0.438;-0.414;-0.369;-0.298;-0.196;-0.065;0.089;0.252;0.407;0.535;0.620;0.550;0.100
0.700;0.664;0.562;0.410;0.231;0.049;-0.114;-0.243;-0.330;-0.379;-0.399;-0.402;-0.400;-0.400;-0.402;-0.399;-0.379;-0.330;-0.243;-0.114;0.049;0.231;0.410;0.562;0.664;0.550;0.150
0.750;0.708;0.589;0.414;0.210;0.008;-0.164;-0.289;-0.362;-0.388;-0.383;-0.366;-0.352;-0.352;-0.366;-0.383;-0.388;-0.362;-0.289;-0.164;0.008;0.209;0.413;0.589;0.708;0.550;0.200
0.800;0.752;0.616;0.417;0.188;-0.032;-0.213;-0.335;-0.394;-0.397;-0.368;-0.329;-0.304;-0.304;-0.329;-0.368;-0.397;-0.394;-0.336;-0.214;-0.032;0.188;0.416;0.616;0.752;0.550;0.250
0.850;0.796;0.643;0.420;0.167;-0.073;-0.263;-0.382;-0.425;-0.407;-0.352;-0.293;-0.255;-0.255;-0.293;-0.352;-0.407;-0.425;-0.382;-0.263;-0.073;0.167;0.420;0.643;0.796;0.550;0.300
0.900;0.839;0.670;0.423;0.146;-0.113;-0.313;-0.428;-0.457;-0.416;-0.337;-0.256;-0.207;-0.207;-0.256;-0.337;-0.416;-0.457;-0.429;-0.313;-0.113;0.146;0.423;0.669;0.839;0.550;0.350
0.950;0.883;0.696;0.426;0.124;-0.154;-0.362;-0.475;-0.489;-0.426;-0.321;-0.220;-0.158;-0.158;-0.220;-0.321;-0.425;-0.489;-0.475;-0.362;-0.154;0.124;0.426;0.696;0.883;0.550;0.400
1.000;0.927;0.723;0.429;0.103;-0.194;-0.412;-0.521;-0.521;-0.435;-0.306;-0.183;-0.110;-0.110;-0.183;-0.306;-0.435;-0.521;-0.521;-0.412;-0.194;0.103;0.429;0.723;0.927;0.550;0.450
1.050;0.971;0.750;0.432;0.082;-0.235;-0.461;-0.568;-0.553;-0.444;-0.290;-0.147;-0.061;-0.061;-0.147;-0.290;-0.444;-0.553;-0.568;-0.462;-0.235;0.082;0.432;0.750;0.971;0.550;0.500
1.100;1.015;0.777;0.436;0.061;-0.275;-0.511;-0.614;-0.585;-0.454;-0.275;-0.110;-0.013;-0.013;-0.110;-0.275;-0.454;-0.585;-0.614;-0.511;-0.275;0.060;0.435;0.776;1.015;0.550;0.550
1.150;1.059;0.803;0.439;0.039;-0.315;-0.561;-0.661;-0.617;-0.463;-0.260;-0.074;0.035;0.036;-0.074;-0.259;-0.463;-0.617;-0.661;-0.561;-0.316;0.039;0.438;0.803;1.058;0.550;0.600
1.200;1.102;0.830;0.442;0.018;-0.356;-0.610;-0.707;-0.649;-0.472;-0.244;-0.038;0.084;0.084;-0.037;-0.244;-0.472;-0.648;-0.707;-0.610;-0.356;0.018;0.441;0.830;1.102;0.550;0.650
1.250;1.146;0.857;0.445;-0.003;-0.396;-0.660;-0.754;-0.680;-0.482;-0.229;-0.001;0.132;0.132;-0.001;-0.229;-0.482;-0.680;-0.754;-0.660;-0.397;-0.004;0.445;0.857;1.146;0.550;0.700
1.300;1.190;0.884;0.448;-0.025;-0.437;-0.710;-0.800;-0.712;-0.491;-0.213;0.035;0.181;0.181;0.035;-0.213;-0.491;-0.712;-0.800;-0.710;-0.437;-0.025;0.448;0.884;1.190;0.550;0.750
1.350;1.234;0.911;0.451;-0.046;-0.477;-0.759;-0.847;-0.744;-0.501;-0.198;0.072;0.229;0.229;0.072;-0.198;-0.500;-0.744;-0.847;-0.759;-0.477;-0.046;0.451;0.910;1.234;0.550;0.800
1.400;1.278;0.937;0.454;-0.067;-0.518;-0.809;-0.893;-0.776;-0.510;-0.182;0.108;0.278;0.278;0.108;-0.182;-0.510;-0.776;-0.893;-0.809;-0.518;-0.068;0.454;0.937;1.277;0.550;0.850
1.450;1.321;0.964;0.457;-0.088;-0.558;-0.858;-0.940;-0.808;-0.519;-0.167;0.145;0.326;0.326;0.145;-0.167;-0.519;-0.808;-0.940;-0.858;-0.558;-0.089;0.457;0.964;1.321;0.550;0.900
1.500;1.365;0.991;0.461;-0.110;-0.599;-0.908;-0.986;-0.840;-0.529;-0.152;0.181;0.374;0.375;0.181;-0.151;-0.528;-0.840;-0.986;-0.908;-0.599;-0.110;0.460;0.991;1.365;0.550;0.950
0.600;0.581;0.526;0.437;0.322;0.185;0.038;-0.112;-0.255;-0.382;-0.485;-0.558;-0.595;-0.595;-0.558;-0.485;-0.383;-0.256;-0.113;0.038;0.185;0.321;0.437;0.526;0.581;0.600;0.000
0.650;0.625;0.553;0.441;0.300;0.145;-0.012;-0.159;-0.287;-0.392;-0.470;-0.521;-0.547;-0.547;-0.521;-0.470;-0.392;-0.287;-0.159;-0.012;0.145;0.300;0.440;0.553;0.625;0.600;0.050
0.700;0.669;0.579;0.444;0.279;0.105;-0.062;-0.205;-0.319;-0.401;-0.454;-0.485;-0.498;-0.498;-0.485;-0.455;-0.401;-0.319;-0.205;-0.062;0.104;0.279;0.444;0.579;0.669;0.600;0.100
0.750;0.713;0.606;0.447;0.258;0.064;-0.111;-0.252;-0.351;-0.411;-0.439;-0.449;-0.450;-0.450;-0.449;-0.439;-0.411;-0.351;-0.252;-0.111;0.064;0.258;0.447;0.606;0.713;0.600;0.150
0.800;0.756;0.633;0.450;0.236;0.024;-0.161;-0.298;-0.383;-0.420;-0.424;-0.412;-0.402;-0.402;-0.412;-0.424;-0.420;-0.383;-0.298;-0.161;0.023;0.236;0.450;0.633;0.756;0.600;0.200
0.850;0.800;0.660;0.453;0.215;-0.017;-0.210;-0.345;-0.415;-0.429;-0.408;-0.376;-0.353;-0.353;-0.376;-0.408;-0.429;-0.415;-0.345;-0.210;-0.017;0.215;0.453;0.660;0.800;0.600;0.250
0.900;0.844;0.687;0.456;0.194;-0.057;-0.260;-0.391;-0.447;-0.439;-0.393;-0.339;-0.305;-0.305;-0.339;-0.393;-0.439;-0.447;-0.391;-0.260;-0.057;0.194;0.456;0.686;0.844;0.600;0.300
0.950;0.888;0.713;0.459;0.173;-0.098;-0.310;-0.438;-0.479;-0.448;-0.377;-0.303;-0.256;-0.256;-0.303;-0.377;-0.448;-0.479;-0.438;-0.310;-0.098;0.172;0.459;0.713;0.888;0.600;0.350
1.000;0.932;0.740;0.463;0.151;-0.138;-0.359;-0.484;-0.510;-0.457;-0.362;-0.266;-0.208;-0.208;-0.266;-0.362;-0.457;-0.510;-0.484;-0.359;-0.138;0.151;0.462;0.740;0.932;0.600;0.400
1.050;0.975;0.767;0.466;0.130;-0.179;-0.409;-0.531;-0.542;-0.467;-0.346;-0.230;-0.159;-0.159;-0.230;-0.346;-0.467;-0.542;-0.531;-0.409;-0.179;0.130;0.465;0.767;0.975;0.600;0.450
1.100;1.019;0.794;0.469;0.109;-0.219;-0.458;-0.577;-0.574;-0.476;-0.331;-0.193;-0.111;-0.111;-0.193;-0.331;-0.476;-0.574;-0.577;-0.458;-0.219;0.108;0.469;0.794;1.019;0.600;0.500
1.150;1.063;0.821;0.472;0.087;-0.260;-0.508;-0.624;-0.606;-0.486;-0.316;-0.157;-0.063;-0.063;-0.157;-0.315;-0.485;-0.606;-0.624;-0.508;-0.260;0.087;0.472;0.820;1.063;0.600;0.550
1.200;1.107;0.847;0.475;0.066;-0.300;-0.558;-0.670;-0.638;-0.495;-0.300;-0.121;-0.014;-0.014;-0.120;-0.300;-0.495;-0.638;-0.670;-0.558;-0.300;0.066;0.475;0.847;1.107;0.600;0.600
1.250;1.151;0.874;0.478;0.045;-0.340;-0.607;-0.717;-0.670;-0.504;-0.285;-0.084;0.034;0.034;-0.084;-0.284;-0.504;-0.670;-0.717;-0.607;-0.341;0.044;0.478;0.874;1.151;0.600;0.650
1.300;1.195;0.901;0.481;0.024;-0.381;-0.657;-0.763;-0.702;-0.514;-0.269;-0.048;0.083;0.083;-0.048;-0.269;-0.514;-0.702;-0.763;-0.657;-0.381;0.023;0.481;0.901;1.194;0.600;0.700
1.350;1.238;0.928;0.485;0.002;-0.421;-0.706;-0.810;-0.734;-0.523;-0.254;-0.011;0.131;0.131;-0.011;-0.254;-0.523;-0.733;-0.810;-0.707;-0.422;0.002;0.484;0.927;1.238;0.600;0.750
1.400;1.282;0.954;0.488;-0.019;-0.462;-0.756;-0.856;-0.765;-0.532;-0.238;0.025;0.180;0.180;0.025;-0.238;-0.532;-0.765;-0.856;-0.756;-0.462;-0.019;0.487;0.954;1.282;0.600;0.800
1.450;1.326;0.981;0.491;-0.040;-0.502;-0.806;-0.903;-0.797;-0.542;-0.223;0.062;0.228;0.228;0.062;-0.223;-0.542;-0.797;-0.903;-0.806;-0.502;-0.041;0.490;0.981;1.326;0.600;0.850
1.500;1.370;1.008;0.494;-0.062;-0.543;-0.855;-0.949;-0.829;-0.551;-0.207;0.098;0.276;0.276;0.098;-0.207;-0.551;-0.829;-0.949;-0.855;-0.543;-0.062;0.494;1.008;1.370;0.600;0.900
1.550;1.414;1.035;0.497;-0.083;-0.583;-0.905;-0.996;-0.861;-0.561;-0.192;0.135;0.325;0.325;0.135;-0.192;-0.560;-0.861;-0.996;-0.905;-0.583;-0.083;0.497;1.034;1.413;0.600;0.950
0.650;0.630;0.570;0.474;0.348;0.201;0.041;-0.122;-0.277;-0.414;-0.526;-0.604;-0.645;-0.645;-0.604;-0.526;-0.414;-0.277;-0.122;0.041;0.201;0.348;0.474;0.570;0.630;0.650;0.000
0.700;0.673;0.596;0.477;0.327;0.160;-0.009;-0.168;-0.309;-0.424;-0.510;-0.568;-0.596;-0.596;-0.568;-0.510;-0.424;-0.309;-0.168;-0.009;0.160;0.327;0.477;0.596;0.673;0.650;0.050
0.750;0.717;0.623;0.480;0.306;0.120;-0.058;-0.215;-0.340;-0.433;-0.495;-0.531;-0.548;-0.548;-0.531;-0.495;-0.433;-0.341;-0.215;-0.058;0.120;0.306;0.480;0.623;0.717;0.650;0.100
0.800;0.761;0.650;0.483;0.284;0.080;-0.108;-0.261;-0.372;-0.442;-0.480;-0.495;-0.500;-0.500;-0.495;-0.480;-0.442;-0.372;-0.261;-0.108;0.079;0.284;0.483;0.650;0.761;0.650;0.150
0.850;0.805;0.677;0.486;0.263;0.039;-0.158;-0.308;-0.404;-0.452;-0.464;-0.459;-0.451;-0.451;-0.459;-0.464;-0.452;-0.404;-0.308;-0.158;0.039;0.263;0.486;0.677;0.805;0.650;0.200
0.900;0.849;0.704;0.490;0.242;-0.001;-0.207;-0.354;-0.436;-0.461;-0.449;-0.422;-0.403;-0.403;-0.422;-0.449;-0.461;-0.436;-0.354;-0.207;-0.002;0.242;0.489;0.703;0.849;0.650;0.250
0.950;0.892;0.730;0.493;0.221;-0.042;-0.257;-0.401;-0.468;-0.471;-0.433;-0.386;-0.354;-0.354;-0.386;-0.433;-0.471;-0.468;-0.401;-0.257;-0.042;0.220;0.492;0.730;0.892;0.650;0.300
1.000;0.936;0.757;0.496;0.199;-0.082;-0.306;-0.447;-0.500;-0.480;-0.418;-0.349;-0.306;-0.306;-0.349;-0.418;-0.480;-0.500;-0.447;-0.307;-0.082;0.199;0.496;0.757;0.936;0.650;0.350
1.050;0.980;0.784;0.499;0.178;-0.123;-0.356;-0.494;-0.532;-0.489;-0.402;-0.313;-0.257;-0.257;-0.313;-0.402;-0.489;-0.532;-0.494;-0.356;-0.123;0.178;0.499;0.784;0.980;0.650;0.400
1.100;1.024;0.811;0.502;0.157;-0.163;-0.406;-0.540;-0.564;-0.499;-0.387;-0.276;-0.209;-0.209;-0.276;-0.387;-0.499;-0.564;-0.540;-0.406;-0.163;0.156;0.502;0.811;1.024;0.650;0.450
1.150;1.068;0.838;0.505;0.135;-0.204;-0.455;-0.587;-0.595;-0.508;-0.371;-0.240;-0.161;-0.161;-0.240;-0.371;-0.508;-0.595;-0.587;-0.455;-0.204;0.135;0.505;0.837;1.068;0.650;0.500
1.200;1.112;0.864;0.508;0.114;-0.244;-0.505;-0.633;-0.627;-0.517;-0.356;-0.203;-0.112;-0.112;-0.203;-0.356;-0.517;-0.627;-0.633;-0.505;-0.244;0.114;0.508;0.864;1.111;0.650;0.550
1.250;1.155;0.891;0.512;0.093;-0.285;-0.554;-0.680;-0.659;-0.527;-0.341;-0.167;-0.064;-0.064;-0.167;-0.340;-0.527;-0.659;-0.680;-0.555;-0.285;0.093;0.511;0.891;1.155;0.650;0.600
1.300;1.199;0.918;0.515;0.072;-0.325;-0.604;-0.726;-0.691;-0.536;-0.325;-0.131;-0.015;-0.015;-0.130;-0.325;-0.536;-0.691;-0.726;-0.604;-0.325;0.071;0.514;0.918;1.199;0.650;0.650
1.350;1.243;0.945;0.518;0.050;-0.365;-0.654;-0.773;-0.723;-0.546;-0.310;-0.094;0.033;0.033;-0.094;-0.309;-0.545;-0.723;-0.773;-0.654;-0.366;0.050;0.517;0.944;1.243;0.650;0.700
1.400;1.287;0.971;0.521;0.029;-0.406;-0.703;-0.819;-0.755;-0.555;-0.294;-0.058;0.082;0.082;-0.058;-0.294;-0.555;-0.755;-0.819;-0.703;-0.406;0.029;0.521;0.971;1.287;0.650;0.750
1.450;1.331;0.998;0.524;0.008;-0.446;-0.753;-0.866;-0.787;-0.564;-0.279;-0.021;0.130;0.130;-0.021;-0.279;-0.564;-0.787;-0.866;-0.753;-0.447;0.007;0.524;0.998;1.330;0.650;0.800
1.500;1.374;1.025;0.527;-0.014;-0.487;-0.802;-0.912;-0.819;-0.574;-0.263;0.015;0.178;0.178;0.015;-0.263;-0.573;-0.818;-0.912;-0.803;-0.487;-0.014;0.527;1.025;1.374;0.650;0.850
1.550;1.418;1.052;0.530;-0.035;-0.527;-0.852;-0.959;-0.850;-0.583;-0.248;0.052;0.227;0.227;0.052;-0.248;-0.583;-0.850;-0.959;-0.852;-0.528;-0.035;0.530;1.052;1.418;0.650;0.900
1.600;1.462;1.079;0.534;-0.056;-0.568;-0.902;-1.005;-0.882;-0.592;-0.232;0.088;0.275;0.275;0.088;-0.232;-0.592;-0.882;-1.005;-0.902;-0.568;-0.057;0.533;1.078;1.462;0.650;0.950
0.700;0.678;0.613;0.510;0.375;0.216;0.044;-0.131;-0.298;-0.446;-0.566;-0.651;-0.694;-0.694;-0.651;-0.566;-0.446;-0.298;-0.131;0.044;0.216;0.375;0.510;0.613;0.678;0.700;0.000
0.750;0.722;0.640;0.513;0.354;0.176;-0.006;-0.178;-0.330;-0.456;-0.551;-0.614;-0.646;-0.646;-0.614;-0.551;-0.456;-0.330;-0.178;-0.006;0.176;0.354;0.513;0.640;0.722;0.700;0.050
0.800;0.766;0.667;0.517;0.333;0.135;-0.055;-0.224;-0.362;-0.465;-0.535;-0.578;-0.598;-0.598;-0.578;-0.535;-0.465;-0.362;-0.224;-0.055;0.135;0.332;0.516;0.667;0.766;0.700;0.100
0.850;0.809;0.694;0.520;0.311;0.095;-0.105;-0.271;-0.394;-0.474;-0.520;-0.541;-0.549;-0.549;-0.542;-0.520;-0.474;-0.394;-0.271;-0.105;0.095;0.311;0.520;0.694;0.809;0.700;0.150
0.900;0.853;0.721;0.523;0.290;0.055;-0.154;-0.317;-0.426;-0.484;-0.505;-0.505;-0.501;-0.501;-0.505;-0.505;-0.484;-0.426;-0.317;-0.155;0.054;0.290;0.523;0.720;0.853;0.700;0.200
0.950;0.897;0.747;0.526;0.269;0.014;-0.204;-0.364;-0.457;-0.493;-0.489;-0.469;-0.452;-0.452;-0.469;-0.489;-0.493;-0.457;-0.364;-0.204;0.014;0.268;0.526;0.747;0.897;0.700;0.250
1.000;0.941;0.774;0.529;0.247;-0.026;-0.254;-0.410;-0.489;-0.502;-0.474;-0.432;-0.404;-0.404;-0.432;-0.474;-0.502;-0.489;-0.410;-0.254;-0.027;0.247;0.529;0.774;0.941;0.700;0.300
1.050;0.985;0.801;0.532;0.226;-0.067;-0.303;-0.457;-0.521;-0.512;-0.458;-0.396;-0.355;-0.355;-0.396;-0.458;-0.512;-0.521;-0.457;-0.303;-0.067;0.226;0.532;0.801;0.985;0.700;0.350
1.100;1.029;0.828;0.535;0.205;-0.107;-0.353;-0.503;-0.553;-0.521;-0.443;-0.359;-0.307;-0.307;-0.359;-0.443;-0.521;-0.553;-0.503;-0.353;-0.107;0.205;0.535;0.828;1.028;0.700;0.400
1.150;1.072;0.855;0.539;0.184;-0.148;-0.402;-0.550;-0.585;-0.531;-0.427;-0.323;-0.259;-0.259;-0.323;-0.427;-0.530;-0.585;-0.550;-0.403;-0.148;0.183;0.538;0.854;1.072;0.700;0.450
1.200;1.116;0.881;0.542;0.162;-0.188;-0.452;-0.596;-0.617;-0.540;-0.412;-0.286;-0.210;-0.210;-0.286;-0.412;-0.540;-0.617;-0.596;-0.452;-0.188;0.162;0.541;0.881;1.116;0.700;0.500
1.250;1.160;0.908;0.545;0.141;-0.229;-0.502;-0.643;-0.649;-0.549;-0.396;-0.250;-0.162;-0.162;-0.250;-0.396;-0.549;-0.649;-0.643;-0.502;-0.229;0.141;0.545;0.908;1.160;0.700;0.550
1.300;1.204;0.935;0.548;0.120;-0.269;-0.551;-0.689;-0.681;-0.559;-0.381;-0.214;-0.113;-0.113;-0.213;-0.381;-0.559;-0.680;-0.689;-0.551;-0.269;0.119;0.548;0.935;1.204;0.700;0.600
1.350;1.248;0.962;0.551;0.098;-0.309;-0.601;-0.736;-0.712;-0.568;-0.366;-0.177;-0.065;-0.065;-0.177;-0.365;-0.568;-0.712;-0.736;-0.601;-0.310;0.098;0.551;0.961;1.247;0.700;0.650
1.400;1.291;0.989;0.554;0.077;-0.350;-0.650;-0.782;-0.744;-0.577;-0.350;-0.141;-0.016;-0.016;-0.140;-0.350;-0.577;-0.744;-0.782;-0.651;-0.350;0.077;0.554;0.988;1.291;0.700;0.700
1.450;1.335;1.015;0.557;0.056;-0.390;-0.700;-0.828;-0.776;-0.587;-0.335;-0.104;0.032;0.032;-0.104;-0.334;-0.587;-0.776;-0.829;-0.700;-0.391;0.055;0.557;1.015;1.335;0.700;0.750
1.500;1.379;1.042;0.561;0.035;-0.431;-0.750;-0.875;-0.808;-0.596;-0.319;-0.068;0.080;0.080;-0.068;-0.319;-0.596;-0.808;-0.875;-0.750;-0.431;0.034;0.560;1.042;1.379;0.700;0.800
1.550;1.423;1.069;0.564;0.013;-0.471;-0.799;-0.921;-0.840;-0.606;-0.304;-0.031;0.129;0.129;-0.031;-0.304;-0.605;-0.840;-0.921;-0.799;-0.472;0.013;0.563;1.069;1.423;0.700;0.850
1.600;1.467;1.096;0.567;-0.008;-0.512;-0.849;-0.968;-0.872;-0.615;-0.288;0.005;0.177;0.177;0.005;-0.288;-0.615;-0.872;-0.968;-0.849;-0.512;-0.008;0.566;1.095;1.466;0.700;0.900
1.650;1.511;1.122;0.570;-0.029;-0.552;-0.899;-1.014;-0.904;-0.624;-0.273;0.042;0.226;0.226;0.042;-0.273;-0.624;-0.903;-1.014;-0.899;-0.553;-0.030;0.570;1.122;1.510;0.700;0.950
0.750;0.726;0.657;0.547;0.402;0.232;0.047;-0.140;-0.319;-0.478;-0.607;-0.697;-0.744;-0.744;-0.697;-0.607;-0.478;-0.319;-0.141;0.047;0.232;0.402;0.547;0.657;0.726;0.750;0.000
0.800;0.770;0.684;0.550;0.381;0.191;-0.002;-0.187;-0.351;-0.487;-0.591;-0.661;-0.696;-0.696;-0.661;-0.591;-0.487;-0.351;-0.187;-0.003;0.191;0.380;0.550;0.684;0.770;0.750;0.050
0.850;0.814;0.711;0.553;0.359;0.151;-0.052;-0.233;-0.383;-0.497;-0.576;-0.624;-0.647;-0.647;-0.624;-0.576;-0.497;-0.383;-0.234;-0.052;0.151;0.359;0.553;0.711;0.814;0.750;0.100
0.900;0.858;0.738;0.556;0.338;0.110;-0.102;-0.280;-0.415;-0.506;-0.560;-0.588;-0.599;-0.599;-0.588;-0.560;-0.506;-0.415;-0.280;-0.102;0.110;0.338;0.556;0.737;0.858;0.750;0.150
0.950;0.902;0.764;0.559;0.317;0.070;-0.151;-0.326;-0.447;-0.516;-0.545;-0.552;-0.550;-0.550;-0.552;-0.545;-0.516;-0.447;-0.327;-0.151;0.070;0.317;0.559;0.764;0.902;0.750;0.200
1.000;0.946;0.791;0.562;0.295;0.030;-0.201;-0.373;-0.479;-0.525;-0.530;-0.515;-0.502;-0.502;-0.515;-0.530;-0.525;-0.479;-0.373;-0.201;0.029;0.295;0.562;0.791;0.945;0.750;0.250
1.050;0.989;0.818;0.566;0.274;-0.011;-0.251;-0.419;-0.511;-0.534;-0.514;-0.479;-0.454;-0.454;-0.479;-0.514;-0.534;-0.511;-0.420;-0.251;-0.011;0.274;0.565;0.818;0.989;0.750;0.300
1.100;1.033;0.845;0.569;0.253;-0.051;-0.300;-0.466;-0.542;-0.544;-0.499;-0.442;-0.405;-0.405;-0.442;-0.499;-0.544;-0.542;-0.466;-0.300;-0.052;0.253;0.569;0.845;1.033;0.750;0.350
1.150;1.077;0.872;0.572;0.232;-0.092;-0.350;-0.512;-0.574;-0.553;-0.483;-0.406;-0.357;-0.357;-0.406;-0.483;-0.553;-0.574;-0.513;-0.350;-0.092;0.231;0.572;0.871;1.077;0.750;0.400
1.200;1.121;0.898;0.575;0.210;-0.132;-0.399;-0.559;-0.606;-0.562;-0.468;-0.369;-0.308;-0.308;-0.369;-0.468;-0.562;-0.606;-0.559;-0.399;-0.132;0.210;0.575;0.898;1.121;0.750;0.450
1.250;1.165;0.925;0.578;0.189;-0.173;-0.449;-0.605;-0.638;-0.572;-0.452;-0.333;-0.260;-0.260;-0.333;-0.452;-0.572;-0.638;-0.605;-0.449;-0.173;0.189;0.578;0.925;1.164;0.750;0.500
1.300;1.208;0.952;0.581;0.168;-0.213;-0.499;-0.652;-0.670;-0.581;-0.437;-0.296;-0.211;-0.211;-0.296;-0.437;-0.581;-0.670;-0.652;-0.499;-0.213;0.167;0.581;0.952;1.208;0.750;0.550
1.350;1.252;0.979;0.584;0.146;-0.254;-0.548;-0.698;-0.702;-0.591;-0.421;-0.260;-0.163;-0.163;-0.260;-0.421;-0.590;-0.702;-0.698;-0.548;-0.254;0.146;0.584;0.978;1.252;0.750;0.600
1.400;1.296;1.006;0.588;0.125;-0.294;-0.598;-0.745;-0.734;-0.600;-0.406;-0.224;-0.115;-0.114;-0.223;-0.406;-0.600;-0.734;-0.745;-0.598;-0.294;0.125;0.587;1.005;1.296;0.750;0.650
1.450;1.340;1.032;0.591;0.104;-0.334;-0.647;-0.791;-0.766;-0.609;-0.391;-0.187;-0.066;-0.066;-0.187;-0.390;-0.609;-0.765;-0.791;-0.648;-0.335;0.104;0.590;1.032;1.340;0.750;0.700
1.500;1.384;1.059;0.594;0.083;-0.375;-0.697;-0.838;-0.797;-0.619;-0.375;-0.151;-0.018;-0.018;-0.151;-0.375;-0.618;-0.797;-0.838;-0.697;-0.375;0.082;0.593;1.059;1.384;0.750;0.750
1.550;1.427;1.086;0.597;0.061;-0.415;-0.747;-0.884;-0.829;-0.628;-0.360;-0.114;0.031;0.031;-0.114;-0.359;-0.628;-0.829;-0.884;-0.747;-0.416;0.061;0.597;1.086;1.427;0.750;0.800
1.600;1.471;1.113;0.600;0.040;-0.456;-0.796;-0.931;-0.861;-0.637;-0.344;-0.078;0.079;0.079;-0.078;-0.344;-0.637;-0.861;-0.931;-0.796;-0.456;0.040;0.600;1.112;1.471;0.750;0.850
1.650;1.515;1.140;0.603;0.019;-0.496;-0.846;-0.977;-0.893;-0.647;-0.329;-0.041;0.128;0.128;-0.041;-0.329;-0.647;-0.893;-0.977;-0.846;-0.497;0.018;0.603;1.139;1.515;0.750;0.900
1.700;1.559;1.166;0.606;-0.003;-0.537;-0.895;-1.024;-0.925;-0.656;-0.313;-0.005;0.176;0.176;-0.005;-0.313;-0.656;-0.925;-1.024;-0.896;-0.537;-0.003;0.606;1.166;1.559;0.750;0.950
0.800;0.775;0.701;0.583;0.429;0.247;0.050;-0.150;-0.341;-0.510;-0.647;-0.744;-0.794;-0.794;-0.744;-0.647;-0.510;-0.341;-0.150;0.050;0.247;0.429;0.583;0.701;0.775;0.800;0.000
0.850;0.819;0.728;0.586;0.407;0.207;0.001;-0.196;-0.372;-0.519;-0.632;-0.707;-0.745;-0.745;-0.707;-0.632;-0.519;-0.373;-0.196;0.001;0.207;0.407;0.586;0.728;0.819;0.800;0.050
0.900;0.862;0.755;0.589;0.386;0.166;-0.049;-0.243;-0.404;-0.529;-0.616;-0.671;-0.697;-0.697;-0.671;-0.616;-0.529;-0.404;-0.243;-0.049;0.166;0.386;0.589;0.755;0.862;0.800;0.100
0.950;0.906;0.781;0.593;0.365;0.126;-0.099;-0.289;-0.436;-0.538;-0.601;-0.634;-0.648;-0.648;-0.634;-0.601;-0.538;-0.436;-0.289;-0.099;0.126;0.365;0.592;0.781;0.906;0.800;0.150
1.000;0.950;0.808;0.596;0.344;0.085;-0.148;-0.336;-0.468;-0.547;-0.585;-0.598;-0.600;-0.600;-0.598;-0.585;-0.547;-0.468;-0.336;-0.148;0.085;0.343;0.596;0.808;0.950;0.800;0.200
1.050;0.994;0.835;0.599;0.322;0.045;-0.198;-0.382;-0.500;-0.557;-0.570;-0.562;-0.552;-0.552;-0.562;-0.570;-0.557;-0.500;-0.382;-0.198;0.045;0.322;0.599;0.835;0.994;0.800;0.250
1.100;