0.010358160016599172
0.016819644276626633
0.015397283082727142
0.021933060445285868
0.0163933813012882
0.01456225898314667
0.01846152445571647
0.023194367506993885
0.012448896522545994
0.004050380911405638
0.012789339307794023
0.014552315460697685
0.02028370399851731
0.008624316335499316
0.020079472397238618
0.019375949297291584
0.018825537224994804
0.01499995647730401
0.01709309643057466
0.015982194913449987
0.012966903742614555
0.008104778665833479
0.013142584862099405
0.015455126756549475
0.02049209790185813
0.016475530662246385
0.01648309824510541
0.017755258760886683
0.01664572550469856
0.01486458066856855
0.019852197249806025
0.018942367197141152
0.005532664803203247
0.022281573543571298
0.019176908497745337
0.01979811971850154
0.01499172531561177
0.017787873452936864
0.01647693835989017
0.024844603918731778
0.018344966018084996
0.018652287172827187
0.01717692830332851
0.01899044804541461
0.01595382559057068
0.02006947306192508
0.01993611891064795
0.02594672021633393
0.013599320037825713
0.022109634876681383
0.02510222470589607
0.01851586843984343
0.024431717318710966
0.0165816062069144
0.021043423835326536
0.022913016519051865
0.01698611892658164
0.019935641038435037
0.019149612087543844
0.019384402596102746
0.015076767056985574
0.0266377814949621
0.01997662652119736
0.008514171052171449
0.02000232428990234
0.025388718198673388
0.017064506518895683
0.020548114674621587
0.019290470258567005
0.017793486582129425
0.02013278978067312
0.01645532704729291
0.010370719597216471
0.018704315125271265
0.01567592682141683
0.01933527298940163
0.018044720858064522
0.01533260956407645
0.018232309421996717
0.017917981601860866
0.012304756583172427
0.016150743416433855
0.007835889497458393
0.01453419687362878
0.01339131475824118
0.022179359987736902
0.004171274472819064
0.02103761123283121
0.00737353920050321
0.013208765260364075
0.019972808015063848
0.01880130652206269
0.007553604593028007
0.020453932662006125
0.015147532835033672
0.012688483990938693
0.019793253652346188
0.015439370048802026
0.020987120869207843
0.014766455758316255
0.008854625313602149
0.01818064310580425
0.013615347303442604
0.018646966382117824
0.011439790514762294
0.018408916995008795
0.004297418831361366
0.013081532019847408
0.02552939752026795
0.012178897636856867
0.01312363621000845
0.012543590045384967
0.015860347603739555
0.01478568664932478
0.01916814936318545
0.014769262551245
0.018069122743597177
0.016716339250962164
0.016454736443631823
0.017082908816609788
0.021309329562919643
0.023549334616114415
0.01772015785847625
0.018837498601609326
0.02067995183259086
0.009409241392906775
0.019717788933157898
0.016836937802835905
0.01472002356201152
0.018538343681218095
0.019549556844077998
0.013066642543518192
0.020204853996004246
0.018351410111962174
0.020988171606751926
0.003577198606802945
0.014857637577463834
0.017484584309560347
0.01192400248050074
0.022545173654285655
0.016102830306979676
0.01573725702023454
0.015871480493379053
0.014956775882234652
0.018499839200799784
0.02080180520386854
0.02054458179580898
0.019158980936904157
0.01971553407962645
0.019492001105675172
0.012751303170342787
0.019897496873490184
0.013588480768220279
0.012057925561474114
0.01629344192499893
0.017054904073130928
0.014409591578502301
0.01571261845046834
0.01796741328437257
0.019607045661565792
0.023516284294448297
0.025691102666445254
0.01893863373905802
0.019915308078515714
0.020163851164118007
0.011473795204767434
0.020565529580389708
0.01985937476670152
0.016434131438931132
0.01858559772412338
0.022427124762119277
0.015649178891755433
0.0207206073267443
0.01783261642256395
0.012310016335389307
0.014258152388029188
0.02364494021533048
0.018594877701495705
0.01854863306211474
0.021688723961725387
0.02400548050296436
0.02037953114261004
0.007600003819838719
0.016685404386660885
0.013012132425000544
0.018653468412338725
0.0168518105714881
0.021965716176422845
0.008792506740437744
0.017501256747027405
0.016072868633781212
0.016660090317619947
0.019263372008835766
0.018056393492283718
0.015796635747989285
0.016430391417836532
0.01878798475242327
0.022157527046678283
0.0044676716206760725
0.02038113834361166
0.017959075436351668
0.017822959662863624
0.01871592994635396
0.022344763788968436
0.005899171964021566
0.018987071331879157
0.01278854679989161
0.016900553735757384
0.011670895019637584
0.01364890992506762
0.015800586937011474
0.010739385796275869
0.016910863982233515
0.02164384104832351
0.01431562127927588
0.022418005864023982
0.015801270970946746
0.020112663238877282
0.013004089476343239
0.020822609450403817
0.017439268673905772
0.024197962372721094
0.015293908555509272
0.02043419133273794
0.017960966933674882
0.018629462827718157
0.01777874355066622
0.016822594344247932
0.00869751897140425
0.007364922356495995
0.02402938611874106
0.01716059080330723
0.01201856487741626
0.017815723124144256
0.019263805913500853
0.01562617097307939
0.011973057780446439
0.021402964896660492
0.014467300585267129
0.01767716769139005
0.012828035554287354
0.021845914408277878
0.020110942253201536
0.01746232147359983
0.019182414153097405
0.015168458960473252
0.01538832482309438
0.022920161210688406
0.013200133372352596
0.02199151067407179
0.01276718949633171
0.019864257988286838
0.020022010250770883
0.012269342088063517
0.005791579446485784
0.018148894420011885
0.017437303416370398
0.021788966808134802
0.019150711907258255
0.02222005941512073
0.015884015483639047
0.017086261313362883
0.01597064126733727
0.0158216714045345
0.017013220368350623
0.016032126835224147
0.010074233461230264
0.019569099439133986
0.012381625805787166
0.01706312452720482
0.02169593230791733
0.018918470455306924
0.010536376464512998
0.018306554693261035
0.019409533077842767
0.0022847641459886603
0.013343697415476363
0.028768004826067894
0.03149805068995448
0.009626546965145977
0.024388770061085197
0.0177889220655274
0.01714166834085873
0.019463177958110478
0.020352680736611006
0.019952254595700047
0.017112868197539655
0.018982720182286528
0.02076861007921238
0.015845833349733773
0.01729345568804419
0.005421431745465277
0.010766433304192802
0.022094539416332992
0.014629354554753782
0.024588387349718133
0.018418704487814352
0.02414292673414309
0.013405733293577526
0.01949110385721564
0.015830763007677717
0.017348251859527153
0.019929906867817593
0.016880739233192443
0.019324976084710954
0.01881682628775483
0.016663483059081052
0.017360473352550976
0.009452453222910329
0.030868094108329913
0.01761753763817886
0.021532287393565497
0.018044678053874108
0.02180853580003017
0.004067543464979506
0.01018817819993334
0.024123854917101895
0.015957558021586493
0.014568195822735497
0.019750319476443234
0.01883693720841606
0.01865696376395931
0.013379292218293592
0.01597992666263437
0.004181411778960253
0.015749923142633904
0.023738459120952626
0.015579280640622528
0.01932442656850153
0.018312683006472597
0.01948348185852744
0.015944301245301773
0.01530909923528867
0.019153558391149517
0.016770899094915137
0.019138956219395098
0.012885817206325534
0.014702879310695138
0.014237645521919529
0.02107936956949885
0.018434464790431093
0.01054541624793881
0.01824073408140503
0.015203309149734778
0.021613629214376928
0.018511856799023008
0.018251861169639838
0.009002930698480682
0.01910015639552043
0.016543582546626023
0.0190137389797016
0.020490231504496137
0.01567944794861642
0.014882287115977277
0.018683965853551143
0.017998586546797313
0.019599940728722842
0.015630625700108425
0.015007764835230475
0.0227922332582029
0.018257356997960272
0.015071346652107742
0.01317481797389597
0.019662243254867207
0.018211387429733605
0.014457171328014162
0.021092014997485364
0.007261992124377947
0.015600604512835403
0.0054784061732569
0.017455899172514222
0.011044108747441328
0.009460764458071758
0.016399702313718123
0.026912715848038005
0.01800812004197816
0.025751215829093788
0.010629500227198108
0.026966509012461337
0.01670289008806236
0.018253618061862653
0.01780569443330382
0.013489479217673406
0.021648422757911234
0.017392761116802546
0.023182623286363224
0.020521485625658364
0.011431141445543247
0.012802265763234288
0.009847661190229395
0.015788087858243927
0.01851081542012345
0.018830158867281455
0.019832659741334524
0.01853709004205939
0.01963035652210543
0.019545935304877915
0.010362777741062423
0.01629075883748854
0.010831057792335841
0.013604491930760076
0.01810688420150175
0.019550423835090314
0.016130256166171364
0.016487375595535703
0.021525845283599132
0.009769822151902474
0.019865354141721525
0.015977722879434886
0.023832798899302787
0.014877969392627755
0.016383599278819716
0.019167497799568167
0.026405715978231825
0.01764289004097197
0.007646798016965661
0.020785765448524174
0.011849306842741214
0.01513812378627577
0.015566567691221778
0.015673513828172503
0.019736128492191085
0.014196110731326428
0.01809095090332047
0.018854678486864174
0.01643164874803915
0.030786101656914866
0.013608598191590104
0.01315079118456719
0.01816410228552101
0.023801706437926562
0.02267402261900031
0.017098758409229475
0.015117436028256215
0.014946943869944107
0.013249645052658465
0.02569906680211531
0.014759635381183855
0.012001653730031592
0.014666024406432498
0.013206017888080623
0.02152601779699559
0.016861422042918406
0.015890138740334514
0.019864617673460927
0.01874457301862975
0.022356655928252422
0.013507451947280202
0.01723961800539353
0.006677667363216955
0.018535910791532828
0.02673495823090377
0.017289235967457017
0.011908003821200275
0.018979199693475834
0.020552760189752384
0.016306797815070162
0.018454009326875465
0.01743819083391962
0.017557571856333
0.010235266193948878
0.00818289200411404
0.013103113156097024
0.022511155680652095
0.007633003262716986
0.01669585670684448
0.019486151366490567
0.02195793678735214
0.02237326072128809
0.02463527251571751
0.02236784878517284
0.023935399966928728
0.019348590783463848
0.015381993163996022
0.01580976830420866
0.028741665741087274
0.018704844096530948
0.019959484893369073
0.016093322032217472
0.017160717100239253
0.02022992437603932
0.011144025643933908
0.00542727741009319
0.02213448565778897
0.01668551475839486
0.018350954908104455
0.021968960791529213
0.017394679948836256
0.008428205201223449
0.024361792817279238
0.014799593062814864
0.009459772489701201
0.016259406343181126
0.02020454689147755
0.02166996933258325
0.017256328687480504
0.01921711892235578
0.02091581522536412
0.018721033196794856
0.02011581348642899
0.018050124869349204
0.021667929439677103
0.018064731554815694
0.01767050747312826
0.02052721589055473
0.017756140367373163
0.01750122440042645
0.018895315736602747
0.016926543611749167
0.020301800931255443
0.020098643519451898
0.02607736386926618
0.018350031593525884
0.01801269910745873
0.015365598906447175
0.014014788216889507
0.018812896133891144
0.02052277948067882
0.023980600163248766
0.022433095574017514
0.02156536258725339
0.014321445540557143
0.029714503464587594
0.01520403391114833
0.022154802564127607
0.020241515693081524
0.017432597791978033
0.019644290014169563
0.00829556616996463
0.01743920518040909
0.007483872171051065
0.02085558445687319
0.017534360246076908
0.018012195356419625
0.017580183001245864
0.021202609201450784
0.019551727157393728
0.0182055000664203
0.020640906368389444
0.016405187397486642
0.017400549385879316
0.015131914324511442
0.02818730398405478
0.015340357221542256
0.01508081974269082
0.02421991081799213
0.01859229562825604
0.01883148373169341
0.0186458148014097
0.01583618288181743
0.01830883673594208
0.019219559269711972
0.02111112091345113
0.026145019452266993
0.015975104500371984
0.018729819303835882
0.012050964809270148
0.017037838165236963
0.023840484074833412
0.013048799638122333
0.017959046472135753
0.018889775732834124
0.01206602798330536
0.018314630938258247
0.020297916657740167
0.017069368765934456
0.020028238287988387
0.015766449003360883
0.013947130208177505
0.01560173671863474
0.017110004587996386
0.01906274716631362
0.019675973915614264
0.01685070077636297
0.010091203636344304
0.021392174074950532
0.016293927090528015
0.025323505969307547
0.0016117409330722587
0.009516272142912285
0.016043742435215336
0.006879370808851704
0.017880042986444522
0.019041954182774212
0.01814634775480961
0.011258084423034553
0.008638441429321908
0.020112077723368316
0.02164132024820553
0.016961654700928364
0.02355041926754886
0.02024459430569081
0.013678474609385205
0.01656522947393313
0.02243204724569381
0.018149143623976904
0.01743491553369525
0.013771988473576968
0.022678575696705394
0.014677175102976392
0.01871411793833655
0.015001752205484387
0.020678297648405675
0.014487078279644017
0.01697735246260823
0.02238137321177991
0.015943512520973258
0.018090389314700417
0.013932745966662274
0.01641321523610184
0.014972045556768343
0.01450557354073112
0.015605524297582107
0.013234451060110786
0.01989194396934124
0.020137662403449497
0.021955707556605475
0.009812163756152792
0.02322638579648917
0.017005505219251482
0.018283290951487174
0.014518597824022095
0.015753660669815428
0.013731519852326457
0.015725968405670088
0.02213277138638503
0.01860991658063682
0.021464578089229747
0.019306102599362163
0.010069208980117317
0.012151720615716233
0.022396465113662778
0.01865063501127029
0.019032761132756093
0.015057154965703923
0.016784501236379867
0.018621898741499443
0.012001889266867405
0.013600257178190134
0.01582418976931166
0.0027247783507662326
0.015939314755105016
0.01901959279922849
0.016754185000364075
0.0140552082492853
0.018187278514583127
0.007586012293351985
0.012788383731969333
0.016436571320793902
0.015511778727211656
0.02345057108604287
0.017140779992311117
0.005932465127655107
0.039268168134364956
0.00915795840598399
0.01637521918581797
0.01838442807905505
0.013705096146021667
0.01430865567506956
0.02127948106616273
0.021946745162390258
0.01839636280942969
0.014714851257544126
0.011466135384788245
0.015803171577807973
0.015879862710438175
0.01361511037819696
0.01724497093113797
0.016143702285328132
0.017610875039245855
0.02557310813860525
0.017231326501535804
0.015450314264954024
0.020438708076937928
0.00740995857214255
0.01831443750914019
0.018598506011052507
0.020031337533399807
0.015457700008866482
0.019285651891168598
0.0153512478616733
0.018081903255753318
0.01962424952437658
0.020756155976908275
0.018234791175187226
0.012707013938859646
0.015691775216930104
0.019252750706581168
0.018343048757767377
0.015665385313639923
0.008658988220891395
0.004438772798147417
0.012058863730908698
0.01585913774864789
0.025340135309031453
0.013006983540265082
0.017142084366561505
0.016907258600541653
0.018674893091178646
0.015951865003843047
0.013576115902050212
0.014322829493938372
0.017274893551864956
0.02827374934209992
0.022990005615433518
0.008031864603769812
0.020080793126743046
0.00991841812923866
0.019857647976603054
0.018091182453890298
0.0071368046725091006
0.018564332662966088
0.02363539793830327
0.01604392362463969
0.013285867617286229
0.003592133487380522
0.026128572722729615
0.013678553894477474
0.017036475166879228
0.034374933876838654
0.028779153337337604
0.0199901441953223
0.02312913662534921
0.030332194742804575
0.031008892804184285
0.020433588888163712
0.01504169222501428
0.019388773599374076
0.014408998992069044
0.02107750476470649
0.029183360348039145
0.015649774224772095
0.009527324336946474
0.019622428465480013
0.023192902538134774
0.016676390962636845
0.015675587324385454
0.02317851789458203
0.022027554816722805
0.018697029720111225
0.014002131562273146
0.020385245525293527
0.019173752738094407
0.016579925622146163
0.017396849067502274
0.017256256212979437
0.013391560653343682
0.0068156437312358875
0.019402298782067007
0.018189539935987042
0.019503480994846
0.016077807294308855
0.011253149091865922
0.014607512994711414
0.01682135308782229
0.005910091893797986
0.020105717398568146
0.015530377731426626
0.010309904119181645
0.02410030291620835
0.018267223165781665
0.003712936787160226
0.014226101333770558
0.018249041673256805
0.016403233650216897
0.01640530252091832
0.023918730920702735
0.020530502984819066
0.019060317484069778
0.019041992283863607
0.019485167570802986
0.010682909087186054
0.017161005970159238
0.021776852787725787
0.019819198890115075
0.018241175564703838
0.024123225943895932
0.016717150487669308
0.022215671456285335
0.020173295225884402
0.015058114926185695
0.02357747593346282
0.013872078089764983
0.01673990034438866
0.01968375214724638
0.01909077154280503
0.016591708349072753
0.018611384968145295
0.020511197057908603
0.02150407061930082
0.01777946767472205
0.02090803949830189
0.021442356911713034
0.01574058077238938
0.01720870629120519
0.008647836204182191
0.021046023333637365
0.01780605752836273
0.01671834532356975
0.016796361438116136
0.015866642896105176
0.012859618152621266
0.020611108185299543
0.022567570800141823
0.021710557531928742
0.013800043555185937
0.015200814302658294
0.0026617886700961435
0.02426713814674386
0.024015366961055662
0.0210249669234166
0.01610012176104547
0.021306332887563784
0.017903663567360617
0.00850081308479389
0.01505911047133246
0.0017503161206395834
0.01912544638129976
0.0203003891249125
0.01994822270047969
0.012022340559170175
0.018559997934730177
0.014798879860574488
0.023139566459539296
0.004343190340585501
0.017053901122014103
0.02540314876750216
0.013557258291660101
0.02377994252561777
0.023112389289650537
0.017602233082299357
0.021245046139924284
0.009705498707591964
0.02068051521894887
0.01809799200105111
0.017586304831528565
0.021544970345956926
0.014209837782302337
0.021806238329708627
0.023207478765323586
0.021817079036456022
0.016055174694609597
0.017352256287951562
0.021123063681507404
0.019633365235971034
0.017230522402922333
0.015186671715981426
0.02017093759372557
0.019979069140573458
0.011825981068863456
0.011376832835501727
0.012405418525860412
5.09031278395411E-4
0.015299738311714606
0.019006174975704226
0.015615111932314463
0.022427551295963966
0.009688076671477308
0.017271157241804502
0.01740858990167027
0.021619081537660456
0.016716204199740403
0.02258875062504906
0.02401876793619806
0.018700536943614843
0.01670352528839114
0.01762027553632528
0.015588328742381474
0.015951891251075878
0.02133765348365735
0.017936345634758766
0.013854812193572208
0.023489958246358356
0.01737373900521888
0.018821192923912378
0.015404053654785699
0.017373800989025412
0.018469068514598064
0.01610184833646855
0.022656484932298326
0.013883695272710828
0.017745293181583577
0.02165943501896983
0.019590156175237183
0.007265046699347355
0.020705964457164328
0.02142760538134958
0.006843823955274608
0.009110155351345739
0.01793858631207712
0.02075840476434543
0.023181502498534456
0.020411380880653418
0.01880996483619679
0.015540133062932782
0.014764021128176097
0.01695579966526317
0.020834180749210063
0.007638180938005501
0.01829210117998059
0.018279398666512847
0.015102678153551707
0.022749071553139544
0.016155088387979966
0.0077799952027302055
0.025334588846636308
0.01779970253888763
0.01914819176322169
0.016763930746101607
0.01318193319898553
0.022343413176432847
0.020572975562641815
0.01554948999735295
0.014604256309705299
0.012204115892143541
0.014309147387602916
0.015789383959937453
0.008932380805344309
0.0224670369778881
0.018020897365710553
0.017741041494378607
0.017949901183881067
0.0045063599411547806
0.018906609586350598
0.007041980207915799
0.021056983071321866
0.022307813866548898
0.016910917972124295
0.019621163324508473
0.01688573339683197
0.018806035733780035
0.015796667898591465
0.02207299269538865
0.027608468479672688
0.017605425576374678
0.01453110966391069
0.019646694284636723
0.013547026669366247
0.02065232431967079
0.01948651917049915
0.012444615390947433
0.02142292984658578
0.01732520780073088
0.015240367299563573
0.012253094748830407
0.007367442050226103
0.024010693873884215
0.0138654867546113
0.019964242810811328
0.01993908100922326
0.02113961453658675
0.018706807769229172
0.013833885040527072
0.01599154042152051
0.014028268731746785
0.02217868485471186
0.01872587097950884
0.011172999248799442
0.005212958909467602
0.01346312103775027
0.019778995099951402
0.019077573471461662
0.022209960134652817
0.015687892871518727
0.014887809190780477
0.02121901960443129
0.020500550575212273
0.022720817629354073
0.022231781092858505
0.019371142412599962
0.017874108621489526
0.017914059860737908
0.020518239956613726
0.01869381222766542
0.018840764562107815
0.017306671883096314
0.018413422353603437
0.024290318941046607
0.020771064278843454
0.017651496212987894
0.018698076832138533
0.02031654288287399
0.049090940934373606
0.01782772716663672
0.012495876844011988
0.018572466707231783
0.019409522771327126
0.013237361060282282
0.018935178366049854
0.015937017179243895
0.015266186948924343
0.021989764591787697
0.02217692844254593
0.016349944124417704
0.017302391809908002
0.0196451459036755
0.019989660884267124
0.015945504736382787
0.02018758701483847
0.018784870605630388
0.020967966035279062
0.01841518199103298
0.01042930462869407
0.02155517124825046
0.01849485577332821
0.017802248169980217
0.021292876362475788
0.02009573392131081
0.015999761811535507
0.017035921943176824
0.01874155605643324
0.022661289673171936
0.017444386706360504
0.017065014092093378
0.015711837128939088
0.01800941888323848
0.013601619420088085
0.013634240055669267
0.01582638271697867
0.015339524871166077
0.015563123022353409
0.01753013596569808
0.006743914860724898
0.014001935771527751
0.01614153664414264
0.017783925756777563
0.022281411608815915
0.01864593939072723
0.019944974909225976
0.02253685389558946
0.015158664783220921
0.01456297207493229
0.01838116087606423
0.017946407801476383
0.020776958860232675
0.019027371519751313
0.017989645491727657
0.019473651999771135
0.021234720198860302
0.01884457186051769
0.019282325434863523
0.017024381976233016
0.017855233486837818
0.01763839361359487
0.017240618049118694
0.01943686486398022
0.018729645621888835
0.01006462136757591
0.018545234487771012
0.011303712385178688
0.013001405902268282
0.027542955388293322
0.019758329128448437
0.019229889667217392
0.011246621838981952
0.018735910365945685
0.016277062930553754
0.022137096498960673
0.016777288656900424
0.018205071552504393
0.013461474146822638
0.014842548647951759
0.016792178342983632
0.021056947410381888
0.019334559016426667
0.01832777233942373
0.01748609428964265
0.017749869067818835
0.016976569315613865
0.022433550169488115
0.015297703571845567
0.021083642211163323
0.018398567695667722
0.016640709796382325
0.020166349075369183
0.01573781769569571
0.01769947494535007
0.024882046655038792
0.016694243904572303
0.020559668292771782
0.015799387941735077
0.019046774054213955
0.017762356125489376
0.01627107168259201
0.018022748608496286
0.02385967963332014
0.01635809985128933
0.018925708382554696
0.016363909435799684
0.02377790388535317
0.017866102133310413
0.02069057744146985
0.02420979210170593
0.02039960049591727
0.019054566379958615
0.00853639132252404
0.018586929235061334
0.02518105712723262
0.008047879147459192
0.07126163452335987
0.018769828109579834
0.01756042351662046
0.017138246343202823
0.013770256796888702
0.01641143644714571
0.019871328556517298
0.029735334018356596
0.011183012127142788
0.011331181785887878
0.014805657746244094
0.017986700506742892
0.02262721865045414
0.016709772712895088
0.022165506090965792
0.010686769895841941
0.016199538693594917
0.017384469422545124
0.02185934598012018
0.015637065928332028
0.022293683251985996
0.02813189684174766
0.007845959012493964
0.02238224053222826
0.007925099468661934
0.020188946880003833
0.020535029391327342
0.02188377567247457
0.0232564498882617
0.01744371183394211
0.019988764442319784
0.012756745642292344
0.020508611605300153
0.021127296554746877
0.026877639796136776
0.018200567025496106
0.012737733810800123
0.019570844429851242
0.01501345780610519
0.01784635285814229
0.017115146445277674
0.015985810403368106
0.02121435507421232
0.01732073071857343
0.016912308523990838
0.01981261622762176
0.02053311988094375
0.015832169070893798
0.019266967450865202
0.019205852166093607
0.017759609920735997
0.021098944107990292
0.004543494109180202
0.011513167998327134
0.0060609960824775655
0.018688039718163907
0.0028663535545874197
0.013839236545301503
0.016415903732041492
0.011534107284511208
0.013816425935605281
0.023144372012687597
0.019205899626452805
0.02563236142873926
0.020400240197854913
0.014527612433613335
0.012125287808471441
0.021179681318605148
0.01457017775791769
0.012136403246328697
0.018272892306947952
0.01778217966053397
0.031435052942470065
0.01863091173168563
0.013474400750161486
0.02013661745588813
0.017498138351387027
0.01935964872564
0.020319731911045302
0.002464064069030547
0.014941082095894842
0.01814521186879059
0.00682656463155773
0.015156072276795385
0.027515248719772956
0.014907197176764697
0.01044303305445915
0.01020948936069832
0.017477268478856445
0.019498536906825237
0.013744869759898748
0.013727899962999501
0.003578560679071252
0.015452750098377876
0.02070186600430368
0.01837740055571757
0.020939202822814806
0.015456163144061286
0.012508905934907055
0.020955025688775386
0.01788945028739075
0.013500158749444324
0.01412349088411613
0.01655216171442664
0.01699346012760561
0.01578038359534162
0.02027955604027376
0.016080630806404095
0.006130069183581277
0.013371136510430759
0.01671396988727558
0.01524031070488352
0.01514613282258459
0.02062494689020955
0.01947282888948365
0.017240549468056088
0.015558472868574036
0.018294302738145696
0.019412867740361328
0.014462390246073653
0.01588300969279466
0.018973314081220494
0.01528170473668844
0.014866883653182228
0.0120155263689945
0.01665684871598927
0.01679278053503097
0.016117868911492472
0.017060982036300132
0.01062932434443331
0.018564882096650415
0.013724965732452077
0.01761419248373919
0.017864034115820715
0.01755761586210003
0.022392422217308194
0.019266177194256606
0.01915714033147964
0.02712680497998754
0.017330125354088288
0.029288100120535177
0.01662965009963635
0.02101604379936184
0.019898344298067805
0.011916637061546442
0.016683243857995578
0.018306704212326608
0.004087040974123823
0.019759056724830693
0.022458930561350954
0.020274085708141598
0.019742834983679458
0.018104803321876695
0.021141389391688747
0.020048265315733005
0.014220410191716049
0.022308709251044334
0.021121480415267513
0.01516540529551591
0.016632174529860322
0.02006418554015621
0.021179370752566484
0.013685109959101993
0.019580860626885688
0.01881898719155828
0.019281458815597396
0.022752516124377564
0.013918092478022004
0.05740718611262707
0.024015628748671247
0.002995899386964318
0.014189199364899707
0.009632565510504065
0.014276765278495418
0.019858988154572543
0.01832954601925607
0.022563869491009747
0.015133413613741098
0.015028652822024924
0.016380575933454544
0.017927027292953923
0.01701165118195469
0.015162855130622432
0.018580330176739324
0.02067742389457372
0.01947754556256953
0.021468947678926042
0.018810375204230567
0.021658235800913417
0.024749631540387895
0.02287361131626575
0.015456054909809502
0.013626651054906347
0.01735467418271952
0.017647913295716577
0.02094207965181294
0.02088297256348426
0.01605941196525862
0.018205618315742633
0.013211400460243716
0.01914589590252902
0.020812516003218207
0.00889297746417217
0.016774766729902524
0.019472286240674208
0.01141798591250165
0.017365254918342288
0.02029223848292183
0.017156043045217118
0.02163822631652934
0.01990188820116856
0.0168105626013495
0.004916139424697263
0.015542886339090956
0.0187358883085027
0.013452629980990949
0.022835229451128924
0.021781379561263137
0.02063229376330522
0.029395469451436895
0.02003246287745508
0.019750703603524045
0.011943757356438489
0.01886193373522005
0.014429853048020469
0.006015364783380939
0.021103137166880614
0.021582067294397156
0.016985972560008555
0.01881920356513156
0.015960177196233438
0.005205417322609485
0.01817146081011245
0.022074890401088787
0.02232810208261604
0.01797719898807948
0.01616396133181741
0.018498296230315958
0.015666214637962028
0.004198256701439362
0.018830718797575585
0.022918500347402393
0.014807301992439292
0.01402244206370895
0.015858371534549054
0.008834656201019975
0.01846414460181034
0.017629188923510064
0.015742852251912076
0.019954330541511744
0.01867802814451025
0.01564342083182657
0.016175702103872425
0.017072913881587937
0.010226675982950795
0.021058016246012556
0.019134678667480642
0.011995347985735094
0.01668682682186784
0.019651153527448173
0.024882170966941786
0.027256150289453274
0.012318870250680902
0.017279653540501094
0.02128584362370134
0.015395639393340765
0.012063615967361052
0.017794495172745783
0.021823298371541178
0.010252931708746083
0.013639826366084407
0.021536673957716523
0.015172641317994007
0.011369045522835464
0.020201289800296784
0.018730848611683726
0.017343955566223812
0.016577227839427167
0.020463307799881036
0.011489613281835176
0.009954089728651638
0.020496725711105057
0.015763407625778214
0.022886067213139683
0.01196911866950856
0.006362060794288915
0.015398948595646722
0.020698186438474764
0.01947069501364851
0.023258895633400556
0.014115721571581474
0.021144884113452278
0.01720395937856889
0.020041951928549295
0.0028694957318298187
0.02179648359841657
0.019105977017652265
0.01953078696936572
0.021015262283130554
0.020125369958128303
0.022223141017114756
0.013853377443133752
0.02143108702452068
0.01713329171519362
0.01772906601236901
0.0121296098708088
0.010098070020624572
0.017711139259465547
0.010672373530262291
0.024278715736420153
0.019192082568122437
0.018084758094136788
0.013785632771921463
0.019198457231473398
0.01577616321299402
0.016312362511085254
0.015858362604122433
0.01981826365098094
0.015160037033258078
0.003123513197542116
0.015688134819566102
0.013491207342076983
0.016242587604568648
0.02402693071958595
0.017707538639053944
0.02508325290885871
0.018265668294531245
0.020582361447241126
0.012579182553355217
0.015124299011397113
0.018704274962637157
0.01924798764430946
0.016425182100704205
0.014001398649460484
0.018371407691251562
0.01888084802026402
0.018586289329391548
0.019159017612468077
0.01516370094444408
0.014650119157005648
0.010955888526694935
0.02050329907167381
0.019791850283571222
0.013498924943243118
0.01662835245037364
0.01213624466966623
0.018491316322485574
0.01579404345776858
0.020584560503182026
0.015267992354001336
0.02245872149006445
0.01885808566969427
0.012725621788209907
0.01956513220360634
0.015563899638294743
0.019946864598288094
0.01762090717743625
0.016944144555043117
0.006062866891655583
0.015417421152523758
0.019936769150280753
0.019019831534709652
0.020569783591243507
0.016918057825935584
0.017760200348817534
0.021601377242635778
0.0063155195696422695
0.0167590332296621
0.02020986749591991
0.018170834176460815
0.018132976378381294
0.015579953717931971
0.015496632295901591
0.01822733157694678
0.005644717722663728
0.018569668141081408
0.01655907698089365
0.022055858956347763
0.02223881329308597
0.017368658644606683
0.02136420119672877
0.028087634316710464
0.017985701314671587
0.017553425418063817
0.017599454212771093
0.016020360305329717
0.02178367177814522
0.01838944912534579
0.01720444419815159
0.01663662704057245
0.020696543337640705
0.017565573373744314
0.019475323614376094
0.022901878868123227
0.020922578002938508
0.025423145885774545
0.015351423702648859
0.019052851499051116
0.018049205953167835
0.013297393203401953
0.020004864895609487
0.024609839650981513
0.023556247205892333
0.012268448187356285
0.018105679298648703
0.01815872808011587
0.017753807364551122
0.012412481682591014
0.021055795382340925
0.018262743017601224
0.017543827560611902
0.01911424715497212
0.013798207712573785
0.014409279902313443
0.019582255528520776
0.003660471369781426
0.01977955252089636
0.01501872286916317
0.007711074753212088
0.01603323442314597
0.015177359265337032
0.01883633031327392
